0	0	1.11201e-125
0.001	0	1.113e-125
0.002	0	1.11599e-125
0.003	0	1.121e-125
0.004	0	1.12804e-125
0.005	0	1.13716e-125
0.006	0	1.14841e-125
0.007	0	1.16184e-125
0.008	0	1.17754e-125
0.009	0	1.19559e-125
0.01	0	1.21609e-125
0.011	0	1.23915e-125
0.012	0	1.26491e-125
0.013	0	1.29352e-125
0.014	0	1.32514e-125
0.015	0	1.35996e-125
0.016	0	1.3982e-125
0.017	0	1.44008e-125
0.018	0	1.48588e-125
0.019	0	1.53587e-125
0.02	0	1.59038e-125
0.021	0	1.64977e-125
0.022	0	1.71443e-125
0.023	0	1.78482e-125
0.024	0	1.86141e-125
0.025	0	1.94476e-125
0.026	0	2.03547e-125
0.027	0	2.13422e-125
0.028	0	2.24175e-125
0.029	0	2.3589e-125
0.03	0	2.4866e-125
0.031	0	2.62589e-125
0.032	0	2.77792e-125
0.033	0	2.944e-125
0.034	0	3.12557e-125
0.035	0	3.32424e-125
0.036	0	3.54185e-125
0.037	0	3.78041e-125
0.038	0	4.04222e-125
0.039	0	4.32986e-125
0.04	0	4.64621e-125
0.041	0	4.99454e-125
0.042	0	5.37853e-125
0.043	0	5.80232e-125
0.044	0	6.27063e-125
0.045	0	6.78875e-125
0.046	0	7.36273e-125
0.047	0	7.99941e-125
0.048	0	8.70654e-125
0.049	0	9.49297e-125
0.05	0	1.03688e-124
0.051	0	1.13454e-124
0.052	0	1.2436e-124
0.053	0	1.36556e-124
0.054	0	1.50212e-124
0.055	0	1.65527e-124
0.056	0	1.82724e-124
0.057	0	2.02065e-124
0.058	0	2.23846e-124
0.059	0	2.48413e-124
0.06	0	2.76162e-124
0.061	0	3.07551e-124
0.062	0	3.43111e-124
0.063	0	3.83455e-124
0.064	0	4.29297e-124
0.065	0	4.81464e-124
0.066	0	5.40917e-124
0.067	0	6.08779e-124
0.068	0	6.86356e-124
0.069	0	7.75175e-124
0.07	0	8.77021e-124
0.071	0	9.93984e-124
0.072	0	1.12852e-123
0.073	0	1.2835e-123
0.074	0	1.46231e-123
0.075	0	1.66894e-123
0.076	0	1.9081e-123
0.077	0	2.18533e-123
0.078	0	2.50719e-123
0.079	0	2.88146e-123
0.08	0	3.31737e-123
0.081	0	3.82586e-123
0.082	0	4.41994e-123
0.083	0	5.11514e-123
0.084	0	5.92995e-123
0.085	0	6.88645e-123
0.086	0	8.01109e-123
0.087	0	9.3355e-123
0.088	0	1.08977e-122
0.089	0	1.27432e-122
0.09	0	1.4927e-122
0.091	0	1.75151e-122
0.092	0	2.05874e-122
0.093	0	2.42403e-122
0.094	0	2.85903e-122
0.095	0	3.37788e-122
0.096	0	3.99775e-122
0.097	0	4.73947e-122
0.098	0	5.62843e-122
0.099	0	6.69556e-122
0.1	0	7.97863e-122
0.101	0	9.52382e-122
0.102	0	1.13876e-121
0.103	0	1.36394e-121
0.104	0	1.63643e-121
0.105	0	1.96669e-121
0.106	0	2.36762e-121
0.107	0	2.85512e-121
0.108	0	3.44884e-121
0.109	0	4.17308e-121
0.11	0	5.05794e-121
0.111	0	6.14079e-121
0.112	0	7.46806e-121
0.113	0	9.09752e-121
0.114	0	1.11012e-120
0.115	0	1.35689e-120
0.116	0	1.66131e-120
0.117	0	2.03743e-120
0.118	0	2.50291e-120
0.119	0	3.07987e-120
0.12	0	3.79618e-120
0.121	0	4.6869e-120
0.122	0	5.79627e-120
0.123	0	7.18017e-120
0.124	0	8.90929e-120
0.125	0	1.10732e-119
0.126	0	1.37855e-119
0.127	0	1.71907e-119
0.128	0	2.14725e-119
0.129	0	2.68652e-119
0.13	0	3.36677e-119
0.131	0	4.22623e-119
0.132	0	5.31383e-119
0.133	0	6.69231e-119
0.134	0	8.44224e-119
0.135	0	1.06672e-118
0.136	0	1.35007e-118
0.137	0	1.71148e-118
0.138	0	2.17318e-118
0.139	0	2.76393e-118
0.14	0	3.52101e-118
0.141	0	4.49276e-118
0.142	0	5.74201e-118
0.143	0	7.35053e-118
0.144	0	9.42489e-118
0.145	0	1.21042e-117
0.146	0	1.55703e-117
0.147	0	2.00613e-117
0.148	0	2.58892e-117
0.149	0	3.34638e-117
0.15	0	4.33241e-117
0.151	0	5.61797e-117
0.152	0	7.29666e-117
0.153	0	9.49209e-117
0.154	0	1.23678e-116
0.155	0	1.61404e-116
0.156	0	2.10972e-116
0.157	0	2.76201e-116
0.158	0	3.62171e-116
0.159	0	4.75651e-116
0.16	0	6.25675e-116
0.161	0	8.24316e-116
0.162	0	1.08773e-115
0.163	0	1.43758e-115
0.164	0	1.90293e-115
0.165	0	2.52287e-115
0.166	0	3.34999e-115
0.167	0	4.45523e-115
0.168	0	5.93434e-115
0.169	0	7.91681e-115
0.17	0	1.05779e-114
0.171	0	1.41555e-114
0.172	0	1.89723e-114
0.173	0	2.54674e-114
0.174	0	3.42387e-114
0.175	0	4.61019e-114
0.176	0	6.21707e-114
0.177	0	8.39688e-114
0.178	0	1.13583e-113
0.179	0	1.53876e-113
0.18	0	2.08781e-113
0.181	0	2.83706e-113
0.182	0	3.86105e-113
0.183	0	5.2626e-113
0.184	0	7.18373e-113
0.185	0	9.82098e-113
0.186	0	1.34466e-112
0.187	0	1.84383e-112
0.188	0	2.5321e-112
0.189	0	3.48249e-112
0.19	0	4.79675e-112
0.191	0	6.61682e-112
0.192	0	9.14108e-112
0.193	0	1.2647e-111
0.194	0	1.75236e-111
0.195	0	2.43162e-111
0.196	0	3.37917e-111
0.197	0	4.70285e-111
0.198	0	6.55465e-111
0.199	0	9.14898e-111
0.2	0	1.27888e-110
0.201	0	1.79027e-110
0.202	0	2.50979e-110
0.203	0	3.5236e-110
0.204	0	4.95408e-110
0.205	0	6.97535e-110
0.206	0	9.83545e-110
0.207	0	1.38882e-109
0.208	0	1.9639e-109
0.209	0	2.78107e-109
0.21	0	3.94388e-109
0.211	0	5.60084e-109
0.212	0	7.96524e-109
0.213	0	1.13438e-108
0.214	0	1.61782e-108
0.215	0	2.31054e-108
0.216	0	3.30451e-108
0.217	0	4.73269e-108
0.218	0	6.78759e-108
0.219	0	9.74829e-108
0.22	0	1.40199e-107
0.221	0	2.01912e-107
0.222	0	2.91192e-107
0.223	0	4.20529e-107
0.224	0	6.08147e-107
0.225	0	8.80678e-107
0.226	0	1.27708e-106
0.227	0	1.85444e-106
0.228	0	2.69648e-106
0.229	0	3.92619e-106
0.23	0	5.72441e-106
0.231	0	8.35751e-106
0.232	0	1.22182e-105
0.233	0	1.78862e-105
0.234	0	2.62186e-105
0.235	0	3.8484e-105
0.236	0	5.65623e-105
0.237	0	8.32435e-105
0.238	0	1.22672e-104
0.239	0	1.81015e-104
0.24	0	2.67456e-104
0.241	0	3.95694e-104
0.242	0	5.86182e-104
0.243	0	8.69503e-104
0.244	0	1.29143e-103
0.245	0	1.92059e-103
0.246	0	2.85994e-103
0.247	0	4.26419e-103
0.248	0	6.36609e-103
0.249	0	9.51619e-103
0.25	0	1.42431e-102
0.251	0	2.13451e-102
0.252	0	3.20288e-102
0.253	0	4.81205e-102
0.254	0	7.23876e-102
0.255	0	1.09029e-101
0.256	0	1.64422e-101
0.257	0	2.48267e-101
0.258	0	3.75331e-101
0.259	0	5.68129e-101
0.26	0	8.61019e-101
0.261	0	1.3065e-100
0.262	0	1.9849e-100
0.263	0	3.01923e-100
0.264	0	4.59811e-100
0.265	0	7.01111e-100
0.266	0	1.07033e-99
0.267	0	1.63594e-99
0.268	0	2.50344e-99
0.269	0	3.83552e-99
0.27	0	5.88336e-99
0.271	0	9.03524e-99
0.272	0	1.3892e-98
0.273	0	2.13845e-98
0.274	0	3.29564e-98
0.275	0	5.08494e-98
0.276	0	7.8548e-98
0.277	0	1.21475e-97
0.278	0	1.88076e-97
0.279	0	2.91528e-97
0.28	0	4.52399e-97
0.281	0	7.02839e-97
0.282	0	1.09315e-96
0.283	0	1.70214e-96
0.284	0	2.65335e-96
0.285	0	4.14077e-96
0.286	0	6.46918e-96
0.287	0	1.01181e-95
0.288	0	1.58426e-95
0.289	0	2.4833e-95
0.29	0	3.89679e-95
0.291	0	6.1215e-95
0.292	0	9.62673e-95
0.293	0	1.51554e-94
0.294	0	2.38848e-94
0.295	0	3.76826e-94
0.296	0	5.95143e-94
0.297	0	9.40938e-94
0.298	0	1.48922e-93
0.299	0	2.35945e-93
0.3	0	3.74211e-93
0.301	0	5.94118e-93
0.302	0	9.4423e-93
0.303	0	1.50221e-92
0.304	0	2.39236e-92
0.305	0	3.81385e-92
0.306	0	6.08614e-92
0.307	0	9.72205e-92
0.308	0	1.55457e-91
0.309	0	2.48825e-91
0.31	0	3.98666e-91
0.311	0	6.39372e-91
0.312	0	1.02642e-90
0.313	0	1.64938e-90
0.314	0	2.653e-90
0.315	0	4.27143e-90
0.316	0	6.8838e-90
0.317	0	1.11045e-89
0.318	0	1.793e-89
0.319	0	2.89783e-89
0.32	0	4.68785e-89
0.321	0	7.59069e-89
0.322	0	1.23025e-88
0.323	0	1.99574e-88
0.324	0	3.24052e-88
0.325	0	5.26651e-88
0.326	0	8.56692e-88
0.327	0	1.39482e-87
0.328	0	2.27301e-87
0.329	0	3.70742e-87
0.33	0	6.0524e-87
0.331	0	9.88928e-87
0.332	0	1.61727e-86
0.333	0	2.64714e-86
0.334	0	4.33658e-86
0.335	0	7.11035e-86
0.336	0	1.16682e-85
0.337	0	1.9164e-85
0.338	0	3.15016e-85
0.339	0	5.18253e-85
0.34	0	8.5332e-85
0.341	0	1.40618e-84
0.342	0	2.31912e-84
0.343	0	3.8279e-84
0.344	0	6.32337e-84
0.345	0	1.0454e-83
0.346	0	1.72968e-83
0.347	0	2.86412e-83
0.348	0	4.74631e-83
0.349	0	7.87154e-83
0.35	0	1.30647e-82
0.351	0	2.17005e-82
0.352	0	3.60723e-82
0.353	0	6.00073e-82
0.354	0	9.98987e-82
0.355	0	1.66433e-81
0.356	0	2.77484e-81
0.357	0	4.62972e-81
0.358	0	7.73013e-81
0.359	0	1.29161e-80
0.36	0	2.15966e-80
0.361	0	3.61366e-80
0.362	0	6.05082e-80
0.363	0	1.01387e-79
0.364	0	1.70001e-79
0.365	0	2.85243e-79
0.366	0	4.78933e-79
0.367	0	8.04684e-79
0.368	0	1.3529e-78
0.369	0	2.27609e-78
0.37	0	3.83177e-78
0.371	0	6.4549e-78
0.372	0	1.08807e-77
0.373	0	1.83528e-77
0.374	0	3.09755e-77
0.375	0	5.23124e-77
0.376	0	8.84012e-77
0.377	0	1.49478e-76
0.378	0	2.52905e-76
0.379	0	4.28151e-76
0.38	0	7.25258e-76
0.381	0	1.22926e-75
0.382	0	2.0847e-75
0.383	0	3.53746e-75
0.384	0	6.00601e-75
0.385	0	1.02029e-74
0.386	0	1.7342e-74
0.387	0	2.94925e-74
0.388	0	5.01834e-74
0.389	0	8.54356e-74
0.39	0	1.45528e-73
0.391	0	2.48016e-73
0.392	0	4.22898e-73
0.393	0	7.2146e-73
0.394	0	1.23142e-72
0.395	0	2.10288e-72
0.396	0	3.5928e-72
0.397	0	6.14131e-72
0.398	0	1.05026e-71
0.399	0	1.79693e-71
0.4	0	3.07588e-71
0.401	0	5.26748e-71
0.402	0	9.02466e-71
0.403	0	1.54686e-70
0.404	0	2.65251e-70
0.405	0	4.55041e-70
0.406	0	7.80956e-70
0.407	0	1.34085e-69
0.408	0	2.3031e-69
0.409	0	3.95748e-69
0.41	0	6.80292e-69
0.411	0	1.16987e-68
0.412	0	2.01256e-68
0.413	0	3.46353e-68
0.414	0	5.96277e-68
0.415	0	1.02691e-67
0.416	0	1.76918e-67
0.417	0	3.04901e-67
0.418	0	5.25645e-67
0.419	0	9.06507e-67
0.42	0	1.56383e-66
0.421	0	2.69865e-66
0.422	0	4.6584e-66
0.423	0	8.04377e-66
0.424	0	1.38935e-65
0.425	0	2.40042e-65
0.426	0	4.14845e-65
0.427	0	7.1714e-65
0.428	0	1.24005e-64
0.429	0	2.14479e-64
0.43	0	3.71058e-64
0.431	0	6.42105e-64
0.432	0	1.11141e-63
0.433	0	1.92416e-63
0.434	0	3.33202e-63
0.435	0	5.77122e-63
0.436	0	9.99813e-63
0.437	0	1.73244e-62
0.438	0	3.00249e-62
0.439	0	5.2046e-62
0.44	0	9.02343e-62
0.441	0	1.5647e-61
0.442	0	2.7137e-61
0.443	0	4.7072e-61
0.444	0	8.16636e-61
0.445	0	1.41696e-60
0.446	0	2.45892e-60
0.447	0	4.26765e-60
0.448	0	7.40772e-60
0.449	0	1.28597e-59
0.45	0	2.23266e-59
0.451	0	3.87666e-59
0.452	0	6.73183e-59
0.453	0	1.16908e-58
0.454	0	2.03044e-58
0.455	0	3.52666e-58
0.456	0	6.12583e-58
0.457	0	1.06412e-57
0.458	0	1.84856e-57
0.459	0	3.21141e-57
0.46	0	5.57917e-57
0.461	0	9.69291e-57
0.462	0	1.68401e-56
0.463	0	2.92577e-56
0.464	0	5.08317e-56
0.465	0	8.83132e-56
0.466	0	1.5343e-55
0.467	0	2.66554e-55
0.468	0	4.63068e-55
0.469	0	8.04432e-55
0.47	0	1.39737e-54
0.471	0	2.42724e-54
0.472	0	4.21585e-54
0.473	0	7.32196e-54
0.474	0	1.27156e-53
0.475	0	2.20804e-53
0.476	0	3.83387e-53
0.477	0	6.65614e-53
0.478	0	1.15548e-52
0.479	0	2.00562e-52
0.48	0	3.48081e-52
0.481	0	6.04024e-52
0.482	0	1.04801e-51
0.483	0	1.81808e-51
0.484	0	3.1535e-51
0.485	0	5.46889e-51
0.486	0	9.48265e-51
0.487	0	1.64392e-50
0.488	0	2.84938e-50
0.489	0	4.9378e-50
0.49	0	8.55513e-50
0.491	0	1.48193e-49
0.492	0	2.56643e-49
0.493	0	4.44357e-49
0.494	0	7.69185e-49
0.495	0	1.33113e-48
0.496	0	2.30304e-48
0.497	0	3.98351e-48
0.498	0	6.88831e-48
0.499	0	1.1908e-47
0.5	0	2.05796e-47
0.501	0	3.55555e-47
0.502	0	6.14106e-47
0.503	0	1.06034e-46
0.504	0	1.83023e-46
0.505	0	3.15807e-46
0.506	0	5.44742e-46
0.507	0	9.3931e-46
0.508	0	1.6191e-45
0.509	0	2.78983e-45
0.51	0	4.8053e-45
0.511	0	8.27365e-45
0.512	0	1.42398e-44
0.513	0	2.44985e-44
0.514	0	4.21305e-44
0.515	0	7.24224e-44
0.516	0	1.24442e-43
0.517	0	2.13732e-43
0.518	0	3.66929e-43
0.519	0	6.29649e-43
0.52	0	1.07998e-42
0.521	0	1.85153e-42
0.522	0	3.17276e-42
0.523	0	5.43417e-42
0.524	0	9.30283e-42
0.525	0	1.59176e-41
0.526	0	2.7222e-41
0.527	0	4.65303e-41
0.528	0	7.94916e-41
0.529	0	1.35729e-40
0.53	0	2.31626e-40
0.531	0	3.95059e-40
0.532	0	6.73427e-40
0.533	0	1.14728e-39
0.534	0	1.95342e-39
0.535	0	3.32404e-39
0.536	0	5.65296e-39
0.537	0	9.60774e-39
0.538	0	1.63192e-38
0.539	0	2.77015e-38
0.54	0	4.69928e-38
0.541	0	7.96672e-38
0.542	0	1.34972e-37
0.543	0	2.28518e-37
0.544	0	3.86639e-37
0.545	0	6.53724e-37
0.546	0	1.10455e-36
0.547	0	1.86496e-36
0.548	0	3.14664e-36
0.549	0	5.30535e-36
0.55	0	8.93851e-36
0.551	0	1.50486e-35
0.552	0	2.53165e-35
0.553	0	4.25583e-35
0.554	0	7.1488e-35
0.555	0	1.1999e-34
0.556	0	2.01243e-34
0.557	0	3.37248e-34
0.558	0	5.64719e-34
0.559	0	9.4485e-34
0.56	0	1.57957e-33
0.561	0	2.63848e-33
0.562	0	4.40356e-33
0.563	0	7.34324e-33
0.564	0	1.22349e-32
0.565	0	2.03673e-32
0.566	0	3.38758e-32
0.567	0	5.62937e-32
0.568	0	9.34635e-32
0.569	0	1.55036e-31
0.57	0	2.56936e-31
0.571	0	4.2542e-31
0.572	0	7.03729e-31
0.573	0	1.16301e-30
0.574	0	1.92021e-30
0.575	0	3.16736e-30
0.576	0	5.21943e-30
0.577	0	8.59259e-30
0.578	0	1.41317e-29
0.579	0	2.32184e-29
0.58	0	3.81092e-29
0.581	0	6.24865e-29
0.582	0	1.02352e-28
0.583	0	1.67477e-28
0.584	0	2.73752e-28
0.585	0	4.46994e-28
0.586	0	7.29092e-28
0.587	0	1.18794e-27
0.588	0	1.93346e-27
0.589	0	3.1434e-27
0.59	0	5.10485e-27
0.591	0	8.28098e-27
0.592	0	1.34181e-26
0.593	0	2.17174e-26
0.594	0	3.51096e-26
0.595	0	5.66947e-26
0.596	0	9.14434e-26
0.597	0	1.47317e-25
0.598	0	2.37048e-25
0.599	0	3.80979e-25
0.6	0	6.11565e-25
0.601	0	9.80518e-25
0.602	0	1.57013e-24
0.603	0	2.5112e-24
0.604	0	4.01129e-24
0.605	0	6.39943e-24
0.606	0	1.01964e-23
0.607	0	1.62257e-23
0.608	0	2.57868e-23
0.609	0	4.09288e-23
0.61	0	6.48773e-23
0.611	0	1.02703e-22
0.612	0	1.62368e-22
0.613	0	2.56352e-22
0.614	0	4.04191e-22
0.615	0	6.36425e-22
0.616	0	1.00072e-21
0.617	0	1.57138e-21
0.618	0	2.46403e-21
0.619	0	3.85836e-21
0.62	0	6.0332e-21
0.621	0	9.42056e-21
0.622	0	1.46887e-20
0.623	0	2.287e-20
0.624	0	3.55565e-20
0.625	0	5.51997e-20
0.626	0	8.55687e-20
0.627	0	1.32449e-19
0.628	0	2.04709e-19
0.629	0	3.15916e-19
0.63	0	4.86797e-19
0.631	0	7.48968e-19
0.632	0	1.15057e-18
0.633	0	1.76478e-18
0.634	0	2.70266e-18
0.635	0	4.13251e-18
0.636	0	6.30887e-18
0.637	0	9.61611e-18
0.638	0	1.46337e-17
0.639	0	2.22336e-17
0.64	0	3.37257e-17
0.641	0	5.10747e-17
0.642	0	7.72213e-17
0.643	0	1.16561e-16
0.644	0	1.75649e-16
0.645	0	2.64248e-16
0.646	0	3.96868e-16
0.647	0	5.9504e-16
0.648	0	8.90646e-16
0.649	0	1.33082e-15
0.65	0	1.9851e-15
0.651	0	2.95591e-15
0.652	0	4.39381e-15
0.653	0	6.51969e-15
0.654	0	9.65704e-15
0.655	0	1.42787e-14
0.656	0	2.10743e-14
0.657	0	3.10481e-14
0.658	0	4.56593e-14
0.659	0	6.70241e-14
0.66	0	9.82053e-14
0.661	0	1.43627e-13
0.662	0	2.09668e-13
0.663	0	3.05504e-13
0.664	0	4.44307e-13
0.665	0	6.44955e-13
0.666	0	9.34435e-13
0.667	0	1.35126e-12
0.668	0	1.95025e-12
0.669	0	2.80933e-12
0.67	0	4.03896e-12
0.671	0	5.79543e-12
0.672	0	8.29941e-12
0.673	0	1.18617e-11
0.674	0	1.69194e-11
0.675	0	2.40852e-11
0.676	0	3.4217e-11
0.677	0	4.85126e-11
0.678	0	6.86407e-11
0.679	0	9.69214e-11
0.68	0	1.36573e-10
0.681	0	1.92047e-10
0.682	0	2.69493e-10
0.683	0	3.7738e-10
0.684	0	5.27346e-10
0.685	0	7.35349e-10
0.686	0	1.02322e-09
0.687	0	1.42073e-09
0.688	0	1.96844e-09
0.689	0	2.72141e-09
0.69	0	3.75424e-09
0.691	0	5.16774e-09
0.692	0	7.09784e-09
0.693	0	9.72729e-09
0.694	0	1.33013e-08
0.695	0	1.81479e-08
0.696	0	2.4705e-08
0.697	0	3.35556e-08
0.698	0	4.54737e-08
0.699	0	6.14847e-08
0.7	0	8.29428e-08
0.701	0	1.11633e-07
0.702	0	1.49899e-07
0.703	0	2.00816e-07
0.704	0	2.684e-07
0.705	0	3.57888e-07
0.706	0	4.76087e-07
0.707	0	6.31824e-07
0.708	0	8.36509e-07
0.709	0	1.10485e-06
0.71	0	1.45577e-06
0.711	0	1.91352e-06
0.712	0	2.50908e-06
0.713	0	3.28199e-06
0.714	0	4.28246e-06
0.715	0	5.57415e-06
0.716	0	7.23747e-06
0.717	0	9.37377e-06
0.718	0	1.21103e-05
0.719	0	1.56064e-05
0.72	0	2.00611e-05
0.721	0	2.5722e-05
0.722	0	3.28962e-05
0.723	0	4.19638e-05
0.724	0	5.33931e-05
0.725	0	6.77599e-05
0.726	0	8.57692e-05
0.727	0	0.000108282
0.728	0	0.000136346
0.729	0	0.000171232
0.73	0	0.000214475
0.731	0	0.000267926
0.732	0	0.000333804
0.733	0	0.000414766
0.734	0	0.000513977
0.735	0	0.000635197
0.736	0	0.000782874
0.737	0	0.000962251
0.738	0	0.00117949
0.739	0	0.00144178
0.74	0	0.00175753
0.741	0	0.00213648
0.742	0	0.00258989
0.743	0	0.00313072
0.744	0	0.00377384
0.745	0	0.00453621
0.746	0	0.0054371
0.747	0	0.00649832
0.748	0	0.00774442
0.749	0	0.00920291
0.75	0	0.0109045
0.751	0	0.0128831
0.752	0	0.0151765
0.753	0	0.0178258
0.754	0	0.0208759
0.755	0	0.0243759
0.756	0	0.0283782
0.757	0	0.0329393
0.758	0	0.0381191
0.759	0	0.0439811
0.76	0	0.0505915
0.761	0	0.0580193
0.762	0	0.0663353
0.763	0	0.0756117
0.764	0	0.085921
0.765	0	0.0973354
0.766	0	0.109925
0.767	0	0.123758
0.768	0	0.138898
0.769	0	0.155402
0.77	0	0.17332
0.771	0	0.192694
0.772	0	0.213556
0.773	0	0.235923
0.774	0	0.259801
0.775	0	0.285177
0.776	0	0.312025
0.777	0	0.340297
0.778	0	0.369925
0.779	0	0.400824
0.78	0	0.432882
0.781	0	0.465969
0.782	0	0.499932
0.783	0	0.534594
0.784	0	0.56976
0.785	0	0.605213
0.786	0	0.640719
0.787	0	0.676028
0.788	0	0.710874
0.789	0	0.744984
0.79	0	0.778075
0.791	0	0.809861
0.792	0	0.840055
0.793	0	0.868377
0.794	0	0.894553
0.795	0	0.918323
0.796	0	0.939443
0.797	0	0.95769
0.798	0	0.972869
0.799	0	0.984808
0.8	0	0.993371
0.801	0	0.998455
0.802	0	0.999991
0.803	0	0.997951
0.804	0	0.992342
0.805	0	0.983212
0.806	0	0.970646
0.807	0	0.954765
0.808	0	0.935724
0.809	0	0.913712
0.81	0	0.888946
0.811	0	0.861667
0.812	0	0.83214
0.813	0	0.800645
0.814	0	0.767475
0.815	0	0.732931
0.816	0	0.697319
0.817	0	0.660941
0.818	0	0.624095
0.819	0	0.587071
0.82	0	0.550142
0.821	0	0.51357
0.822	0	0.477592
0.823	0	0.442427
0.824	0	0.40827
0.825	0	0.375292
0.826	0	0.343638
0.827	0	0.313427
0.828	0	0.284753
0.829	0	0.257687
0.83	0	0.232275
0.831	0	0.208541
0.832	0	0.186489
0.833	0	0.166105
0.834	0	0.147358
0.835	0	0.130203
0.836	0	0.114582
0.837	0	0.100428
0.838	0	0.0876662
0.839	0	0.0762148
0.84	0	0.0659891
0.841	0	0.0569015
0.842	0	0.0488639
0.843	0	0.0417887
0.844	0	0.0355902
0.845	0	0.0301854
0.846	0	0.0254948
0.847	0	0.0214432
0.848	0	0.0179598
0.849	0	0.0149791
0.85	0	0.0124403
0.851	0	0.0102881
0.852	0	0.00847213
0.853	0	0.00694695
0.854	0	0.00567198
0.855	0	0.00461114
0.856	0	0.00373258
0.857	0	0.00300836
0.858	0	0.00241415
0.859	0	0.00192889
0.86	0	0.00153445
0.861	0	0.00121533
0.862	0	0.000958353
0.863	0	0.000752383
0.864	0	0.000588071
0.865	0	0.000457605
0.866	0	0.0003545
0.867	0	0.000273401
0.868	0	0.000209911
0.869	0	0.000160442
0.87	0	0.000122078
0.871	0	9.2468e-05
0.872	0	6.97223e-05
0.873	0	5.23326e-05
0.874	0	3.91009e-05
0.875	0	2.90809e-05
0.876	0	2.15294e-05
0.877	0	1.58654e-05
0.878	0	1.16374e-05
0.879	0	8.49663e-06
0.88	0	6.17464e-06
0.881	0	4.46629e-06
0.882	0	3.21547e-06
0.883	0	2.30409e-06
0.884	0	1.64325e-06
0.885	0	1.16641e-06
0.886	0	8.24022e-07
0.887	0	5.7937e-07
0.888	0	4.05414e-07
0.889	0	2.82331e-07
0.89	0	1.95673e-07
0.891	0	1.34961e-07
0.892	0	9.2637e-08
0.893	0	6.3278e-08
0.894	0	4.30138e-08
0.895	0	2.90966e-08
0.896	0	1.95861e-08
0.897	0	1.31197e-08
0.898	0	8.74492e-09
0.899	0	5.8002e-09
0.9	0	3.82804e-09
0.901	0	2.51392e-09
0.902	0	1.64271e-09
0.903	0	1.06806e-09
0.904	0	6.90958e-10
0.905	0	4.44757e-10
0.906	0	2.8484e-10
0.907	0	1.81502e-10
0.908	0	1.15068e-10
0.909	0	7.25801e-11
0.91	0	4.55471e-11
0.911	0	2.84367e-11
0.912	0	1.76631e-11
0.913	0	1.09148e-11
0.914	0	6.70992e-12
0.915	0	4.10364e-12
0.916	0	2.49668e-12
0.917	0	1.51109e-12
0.918	0	9.09804e-13
0.919	0	5.44912e-13
0.92	0	3.24654e-13
0.921	0	1.92408e-13
0.922	0	1.1343e-13
0.923	0	6.65159e-14
0.924	0	3.87983e-14
0.925	0	2.25104e-14
0.926	0	1.29905e-14
0.927	0	7.45657e-15
0.928	0	4.2571e-15
0.929	0	2.41737e-15
0.93	0	1.36527e-15
0.931	0	7.66899e-16
0.932	0	4.28441e-16
0.933	0	2.38052e-16
0.934	0	1.31545e-16
0.935	0	7.22922e-17
0.936	0	3.95108e-17
0.937	0	2.14754e-17
0.938	0	1.1608e-17
0.939	0	6.23972e-18
0.94	0	3.33543e-18
0.941	0	1.77301e-18
0.942	0	9.37214e-19
0.943	0	4.92636e-19
0.944	0	2.57493e-19
0.945	0	1.3383e-19
0.946	0	6.91636e-20
0.947	0	3.55415e-20
0.948	0	1.81602e-20
0.949	0	9.22619e-21
0.95	0	4.66055e-21
0.951	0	2.34076e-21
0.952	0	1.16889e-21
0.953	0	5.80342e-22
0.954	0	2.86469e-22
0.955	0	1.40588e-22
0.956	0	6.85946e-23
0.957	0	3.32733e-23
0.958	0	1.60456e-23
0.959	0	7.69252e-24
0.96	0	3.66626e-24
0.961	0	1.73705e-24
0.962	0	8.18148e-25
0.963	0	3.83065e-25
0.964	0	1.78291e-25
0.965	0	8.24883e-26
0.966	0	3.79365e-26
0.967	0	1.73426e-26
0.968	0	7.88062e-27
0.969	0	3.55947e-27
0.97	0	1.59803e-27
0.971	0	7.13096e-28
0.972	0	3.16279e-28
0.973	0	1.39427e-28
0.974	0	6.10892e-29
0.975	0	2.66024e-29
0.976	0	1.15135e-29
0.977	0	4.95245e-30
0.978	0	2.11713e-30
0.979	0	8.99465e-31
0.98	0	3.79772e-31
0.981	0	1.59352e-31
0.982	0	6.64476e-32
0.983	0	2.75348e-32
0.984	0	1.13386e-32
0.985	0	4.63984e-33
0.986	0	1.88671e-33
0.987	0	7.62362e-34
0.988	0	3.06099e-34
0.989	0	1.22124e-34
0.99	0	4.84139e-35
0.991	0	1.90706e-35
0.992	0	7.46403e-36
0.993	0	2.90264e-36
0.994	0	1.12154e-36
0.995	0	4.30557e-37
0.996	0	1.64223e-37
0.997	0	6.22327e-38
0.998	0	2.34302e-38
0.999	0	8.76396e-39
1	1	3.25674e-39
