0 0
1 0
2 0
3 0
4 1
5 1
6 3
7 3
8 1
9 7
10 3
11 9
12 13
13 15
14 13
15 24
16 13
17 15
18 20
19 19
20 32
21 22
22 22
23 30
24 32
25 43
26 44
27 34
28 51
29 42
30 57
31 44
32 50
33 61
34 79
35 72
36 75
37 81
38 79
39 101
40 102
41 91
42 87
43 99
44 90
45 103
46 99
47 106
48 117
49 120
50 117
51 117
52 110
53 145
54 139
55 158
56 140
57 142
58 157
59 168
60 169
61 184
62 178
63 157
64 180
65 167
66 180
67 198
68 174
69 179
70 187
71 183
72 198
73 200
74 234
75 212
76 208
77 214
78 233
79 205
80 218
81 238
82 241
83 222
84 275
85 217
86 219
87 235
88 201
89 243
90 252
91 267
92 276
93 281
94 221
95 223
96 252
97 262
98 266
99 259
100 270
101 261
102 241
103 239
104 241
105 281
106 256
107 211
108 267
109 268
110 241
111 228
112 231
113 234
114 241
115 231
116 212
117 246
118 243
119 237
120 232
121 226
122 221
123 246
124 236
125 251
126 217
127 228
128 226
129 215
130 203
131 228
132 198
133 210
134 226
135 238
136 193
137 216
138 207
139 214
140 209
141 211
142 191
143 179
144 168
145 171
146 166
147 179
148 200
149 185
150 172
151 157
152 182
153 146
154 160
155 160
156 121
157 146
158 137
159 136
160 147
161 124
162 136
163 136
164 126
165 115
166 121
167 117
168 113
169 129
170 98
171 94
172 102
173 115
174 111
175 80
176 101
177 92
178 78
179 86
180 87
181 65
182 67
183 73
184 81
185 78
186 71
187 60
188 71
189 84
190 63
191 63
192 72
193 53
194 48
195 45
196 51
197 51
198 55
199 38
200 51
201 47
202 40
203 42
204 51
205 55
206 40
207 47
208 43
209 33
210 32
211 39
212 25
213 30
214 30
215 40
216 26
217 28
218 31
219 22
220 15
221 26
222 24
223 26
224 25
225 22
226 23
227 22
228 20
229 19
230 26
231 17
232 19
233 15
234 17
235 7
236 14
237 15
238 18
239 8
240 15
241 8
242 11
243 6
244 12
245 16
246 14
247 12
248 16
249 13
250 6
251 6
252 19
253 3
254 16
255 7
256 9
257 9
258 7
259 4
260 8
261 13
262 3
263 6
264 6
265 5
266 7
267 4
268 5
269 5
270 8
271 4
272 5
273 3
274 3
275 4
276 7
277 1
278 2
279 1
280 1
281 1
282 1
283 1
284 3
285 3
286 1
287 5
288 3
289 3
290 3
291 1
292 2
293 0
294 2
295 0
296 2
297 2
298 1
299 1
300 1
301 0
302 1
303 3
304 1
305 0
306 1
307 0
308 1
309 0
310 0
311 0
312 1
313 0
314 0
315 0
316 1
317 1
318 0
319 0
320 0
321 0
322 0
323 0
324 0
325 0
326 0
327 0
328 0
329 0
330 0
331 1
332 0
333 1
334 0
335 0
336 0
337 1
338 0
339 0
340 1
341 0
342 0
343 0
344 0
345 0
346 0
347 0
348 0
349 0
350 1
351 0
352 0
353 0
354 0
355 0
356 0
357 0
358 0
359 0
360 0
361 0
362 0
363 0
364 0
365 0
366 0
367 0
368 0
369 0
370 0
371 0
372 0
373 0
374 0
375 0
376 0
377 0
378 0
379 0
380 0
381 0
382 0
383 0
384 0
385 0
386 0
387 0
388 0
389 0
390 0
391 0
392 0
393 0
394 0
395 0
396 0
397 0
398 0
399 0
400 0
