#----------------------------------------------------------------------------------------------------------------------------------------------------------
# Output file for vampire simulation
#   time       : 2022-12-14 13:37:59     process id : 5968
#   hostname   : nas-10-240-244-233.york.ac.uk
#   path       : /Volumes/T7/Work/vampire-lsf-mc/vampire_combined
#   version    : 6.0.0
#   githash    : 4545152c511f6dedadcdc4902126430a77aadae6
#----------------------------------------------------------------------------------------------------------------------------------------------------------
0          	1          	1          	1          	1          	
40         	1          	1          	0.979348   	0.929078   	
80         	1          	1          	0.957226   	0.856839   	
120        	1          	1          	0.933866   	0.783759   	
160        	1          	1          	0.9085     	0.709696   	
200        	1          	1          	0.882341   	0.638472   	
240        	1          	1          	0.851923   	0.569108   	
280        	1          	1          	0.816156   	0.503116   	
320        	1          	1          	0.782169   	0.446533   	
360        	1          	1          	0.74668    	0.393816   	
400        	1          	1          	0.707414   	0.347458   	
440        	1          	1          	0.660524   	0.301874   	
480        	1          	1          	0.606503   	0.259538   	
520        	1          	1          	0.543422   	0.218742   	
560        	1          	1          	0.466506   	0.176879   	
600        	1          	1          	0.374996   	0.134121   	
640        	1          	1          	0.186136   	0.0658101  	
680        	1          	1          	0.112226   	0.0401714  	
720        	1          	1          	0.0649906  	0.0266028  	
760        	1          	1          	0.0489184  	0.022383   	
800        	1          	1          	0.0422756  	0.0214512  	
