0 0
1 0
2 0
3 0
4 0
5 8
6 7
7 7
8 0
9 0
10 8
11 0
12 21
13 39
14 0
15 0
16 23
17 17
18 23
19 67
20 50
21 46
22 31
23 22
24 67
25 59
26 37
27 40
28 74
29 37
30 92
31 86
32 91
33 56
34 107
35 67
36 110
37 60
38 91
39 150
40 112
41 94
42 120
43 54
44 101
45 125
46 164
47 150
48 199
49 123
50 118
51 115
52 159
53 125
54 143
55 170
56 148
57 174
58 211
59 289
60 163
61 281
62 215
63 159
64 261
65 196
66 295
67 228
68 189
69 288
70 162
71 212
72 215
73 179
74 234
75 215
76 329
77 287
78 281
79 243
80 208
81 296
82 155
83 228
84 248
85 240
86 335
87 253
88 218
89 223
90 195
91 304
92 299
93 265
94 231
95 323
96 233
97 161
98 281
99 248
100 274
101 247
102 212
103 205
104 237
105 232
106 239
107 186
108 234
109 305
110 192
111 281
112 187
113 256
114 214
115 210
116 228
117 270
118 190
119 212
120 198
121 200
122 223
123 255
124 211
125 170
126 226
127 260
128 201
129 145
130 291
131 197
132 193
133 163
134 213
135 186
136 215
137 226
138 183
139 176
140 185
141 137
142 178
143 212
144 201
145 160
146 190
147 108
148 215
149 148
150 157
151 127
152 169
153 173
154 92
155 175
156 122
157 138
158 87
159 111
160 102
161 169
162 124
163 134
164 125
165 114
166 70
167 159
168 87
169 108
170 82
171 102
172 73
173 103
174 136
175 81
176 108
177 71
178 78
179 100
180 53
181 78
182 84
183 80
184 87
185 56
186 34
187 67
188 37
189 79
190 73
191 43
192 59
193 46
194 34
195 37
196 27
197 37
198 31
199 88
200 34
201 14
202 44
203 22
204 27
205 14
206 35
207 13
208 32
209 25
210 22
211 40
212 16
213 12
214 27
215 18
216 21
217 0
218 28
219 7
220 0
221 30
222 16
223 20
224 23
225 30
226 25
227 0
228 14
229 19
230 13
231 6
232 6
233 0
234 19
235 7
236 12
237 0
238 6
239 8
240 0
241 7
242 21
243 0
244 6
245 6
246 10
247 0
248 8
249 8
250 0
251 0
252 0
253 0
254 0
255 0
256 0
257 0
258 0
259 0
260 7
261 0
262 6
263 0
264 8
265 8
266 0
267 7
268 9
269 4
270 0
271 0
272 0
273 0
274 0
275 0
276 0
277 8
278 0
279 0
280 0
281 0
282 0
283 5
284 0
285 0
286 0
287 6
288 0
289 0
290 7
291 0
292 0
293 0
294 0
295 0
296 0
297 0
298 0
299 0
300 7
301 0
302 0
303 0
304 0
305 0
306 0
307 0
308 0
309 0
310 0
311 0
312 0
313 0
314 0
315 0
316 0
317 0
318 0
319 0
320 0
321 0
322 0
323 0
324 0
325 0
326 0
327 0
328 0
329 0
330 0
331 0
332 0
333 0
334 0
335 0
336 0
337 0
338 0
339 0
340 0
341 0
342 0
343 0
344 0
345 0
346 0
347 0
348 0
349 0
350 0
351 0
352 0
353 0
354 0
355 0
356 0
357 0
358 0
359 0
360 0
361 0
362 0
363 0
364 0
365 0
366 0
367 0
368 0
369 0
370 0
371 0
372 0
373 0
374 0
375 0
376 0
377 0
378 0
379 0
380 0
381 0
382 0
383 0
384 0
385 0
386 0
387 0
388 0
389 0
390 0
391 0
392 0
393 0
394 0
395 0
396 0
397 0
398 0
399 0
400 0
