#----------------------------------------------------------------------------------------------------------------------------------------------------------
# Output file for vampire simulation
#   time       : 2022-12-14 13:39:38     process id : 6045
#   hostname   : nas-10-240-244-233.york.ac.uk
#   path       : /Volumes/T7/Work/vampire-lsf-mc/vampire_combined
#   version    : 6.0.0
#   githash    : 4545152c511f6dedadcdc4902126430a77aadae6
#----------------------------------------------------------------------------------------------------------------------------------------------------------
0          	1          	1          	1          	1          	
40         	1          	1          	0.979481   	0.933782   	
80         	1          	1          	0.957595   	0.864438   	
120        	1          	1          	0.934002   	0.79178    	
160        	1          	1          	0.908722   	0.716358   	
200        	1          	1          	0.881322   	0.640909   	
240        	1          	1          	0.851503   	0.568986   	
280        	1          	1          	0.819195   	0.501551   	
320        	1          	1          	0.783251   	0.440176   	
360        	1          	1          	0.743505   	0.383322   	
400        	1          	1          	0.701003   	0.33463    	
440        	1          	1          	0.651556   	0.287598   	
480        	1          	1          	0.597738   	0.245955   	
520        	1          	1          	0.532322   	0.204033   	
560        	1          	1          	0.447214   	0.159965   	
600        	1          	1          	0.318739   	0.108296   	
640        	1          	1          	0.138477   	0.0470492  	
680        	1          	1          	0.0785033  	0.0294816  	
720        	1          	1          	0.0582619  	0.0243183  	
760        	1          	1          	0.0484074  	0.0219132  	
800        	1          	1          	0.0425895  	0.0208494  	
