#----------------------------------------------------------------------------------------------------------------------------------------------------------
# Output file for vampire simulation
#   time       : 2022-06-30 09:43:48     process id : 206
#   hostname   : LAPTOP-V1683A0G
#   path       : /mnt/e/Work/Work 2/Work 2/vampire-develop2
#   version    : 6.0.0
#   githash    : 2b8f34ed1626e98bd0520e2e200034f6bb68b95a
#----------------------------------------------------------------------------------------------------------------------------------------------------------
0          	1          	1          	1          	
40         	0.973745   	0.979353   	0.929215   	
80         	0.945745   	0.956993   	0.856431   	
120        	0.917298   	0.934091   	0.78396    	
160        	0.886568   	0.908765   	0.710325   	
200        	0.853543   	0.880806   	0.637083   	
240        	0.820153   	0.851695   	0.569719   	
280        	0.783717   	0.818751   	0.505593   	
320        	0.746952   	0.784648   	0.44771    	
360        	0.710098   	0.749737   	0.395465   	
400        	0.667874   	0.708117   	0.348481   	
440        	0.615398   	0.655166   	0.2998     	
480        	0.570806   	0.60988    	0.260799   	
520        	0.514493   	0.551344   	0.222229   	
560        	0.421552   	0.453157   	0.171143   	
600        	0.330156   	0.355714   	0.128055   	
640        	0.241162   	0.260407   	0.0896487  	
680        	0.0931773  	0.10084    	0.0362316  	
720        	0.0650192  	0.070489   	0.0282045  	
760        	0.0397595  	0.0432276  	0.0213968  	
800        	0.0426215  	0.0462732  	0.0222169  	
