#----------------------------------------------------------------------------------------------------------------------------------------------------------
# Output file for vampire simulation
#   time       : 2022-09-02 13:55:53     process id : 429
#   hostname   : LAPTOP-V1683A0G
#   path       : /mnt/e/Work/vampire-lsf-mc/vampire
#   version    : 6.0.0
#   githash    : 88c1b598e5134a1cb60203a95f81ffb38d63b87a
#----------------------------------------------------------------------------------------------------------------------------------------------------------
0          	1.00793    	1.00793    	1.00793    	
40         	0.963831   	0.98037    	0.832455   	
80         	0.912986   	0.948397   	0.631718   	
120        	0.868367   	0.914712   	0.500262   	
160        	0.828115   	0.879207   	0.42232    	
200        	0.789085   	0.841893   	0.369701   	
240        	0.749123   	0.801813   	0.330711   	
280        	0.707544   	0.759047   	0.298605   	
320        	0.661509   	0.711013   	0.268496   	
360        	0.608023   	0.654647   	0.237982   	
400        	0.547995   	0.590329   	0.212092   	
440        	0.473859   	0.511354   	0.176509   	
480        	0.376365   	0.40633    	0.139015   	
520        	0.195112   	0.210793   	0.0721833  	
560        	0.0725238  	0.0783513  	0.0310643  	
600        	0.0489648  	0.0528588  	0.0247907  	
640        	0.0397328  	0.042887   	0.022935   	
680        	0.0328936  	0.0355528  	0.0214198  	
720        	0.0284115  	0.0307072  	0.0212197  	
760        	0.0272853  	0.0293814  	0.0221774  	
800        	0.0259133  	0.0279984  	0.021759   	
