#----------------------------------------------------------------------------------------------------------------------------------------------------------
# Output file for vampire simulation
#   time       : 2022-06-30 09:45:54     process id : 207
#   hostname   : LAPTOP-V1683A0G
#   path       : /mnt/e/Work/Work 2/Work 2/vampire-develop2
#   version    : 6.0.0
#   githash    : 2b8f34ed1626e98bd0520e2e200034f6bb68b95a
#----------------------------------------------------------------------------------------------------------------------------------------------------------
0          	1          	1          	1          	
40         	0.974275   	0.979385   	0.9337     	
80         	0.946955   	0.95736    	0.864335   	
120        	0.918151   	0.934059   	0.791844   	
160        	0.886921   	0.90845    	0.715985   	
200        	0.85403    	0.880956   	0.640243   	
240        	0.819001   	0.850668   	0.567581   	
280        	0.783556   	0.81913    	0.501129   	
320        	0.744355   	0.7828     	0.439165   	
360        	0.70385    	0.744163   	0.383868   	
400        	0.65991    	0.70099    	0.333879   	
440        	0.612158   	0.652943   	0.288522   	
480        	0.556046   	0.595406   	0.24382    	
520        	0.492521   	0.529118   	0.202339   	
560        	0.412429   	0.444291   	0.160011   	
600        	0.302575   	0.326872   	0.110608   	
640        	0.123963   	0.134222   	0.0457106  	
680        	0.0736575  	0.0798752  	0.029888   	
720        	0.053524   	0.0581394  	0.0241841  	
760        	0.0447298  	0.0486484  	0.021973   	
800        	0.0389318  	0.042424   	0.0205926  	
