#----------------------------------------------------------------------------------------------------------------------------------------------------------
# Output file for vampire simulation
#   time       : 2022-11-21 17:25:34     process id : 181
#   hostname   : LAPTOP-V1683A0G
#   path       : /mnt/e/Work/vampire-lsf-mc/vampire_combined
#   version    : 6.0.0
#   githash    : 88c1b598e5134a1cb60203a95f81ffb38d63b87a
#----------------------------------------------------------------------------------------------------------------------------------------------------------
0          	1.00793    	1.00793    	1.00791    	
40         	0.985231   	0.985225   	0.9853     	
80         	0.961822   	0.961773   	0.96226    	
120        	0.937177   	0.937152   	0.937443   	
160        	0.912317   	0.912351   	0.912148   	
200        	0.886355   	0.886393   	0.886183   	
240        	0.859198   	0.859079   	0.860295   	
280        	0.828759   	0.828793   	0.828683   	
320        	0.795825   	0.79572    	0.796878   	
360        	0.764775   	0.76487    	0.764292   	
400        	0.727281   	0.727376   	0.726823   	
440        	0.687381   	0.687293   	0.688431   	
480        	0.639665   	0.639866   	0.638452   	
520        	0.593329   	0.593434   	0.592966   	
560        	0.533684   	0.533669   	0.534364   	
600        	0.448035   	0.448145   	0.447888   	
640        	0.356825   	0.357042   	0.356052   	
680        	0.179073   	0.179332   	0.179231   	
720        	0.0611946  	0.0613317  	0.0680407  	
760        	0.0513881  	0.0514248  	0.0601638  	
800        	0.0580007  	0.0579247  	0.0666779  	
