#----------------------------------------------------------------------------------------------------------------------------------------------------------
# Output file for vampire simulation
#   time       : 2022-06-30 09:26:31     process id : 97
#   hostname   : LAPTOP-V1683A0G
#   path       : /mnt/e/Work/Work 2/Work 2/vampire-develop2
#   version    : 6.0.0
#   githash    : 2b8f34ed1626e98bd0520e2e200034f6bb68b95a
#----------------------------------------------------------------------------------------------------------------------------------------------------------
0          	1.07431    	1.07579    	1.06253    	
40         	1.0329     	1.04785    	0.914184   	
80         	0.993762   	1.0189     	0.794121   	
120        	0.956809   	0.989563   	0.696647   	
160        	0.920127   	0.958677   	0.613935   	
200        	0.883873   	0.926723   	0.543531   	
240        	0.84724    	0.893012   	0.483688   	
280        	0.809468   	0.857269   	0.429803   	
320        	0.771433   	0.820343   	0.382967   	
360        	0.732543   	0.781822   	0.341152   	
400        	0.691148   	0.740035   	0.302874   	
440        	0.638081   	0.68528    	0.263225   	
480        	0.595935   	0.641756   	0.232025   	
520        	0.539433   	0.58227    	0.199241   	
560        	0.473617   	0.512337   	0.166138   	
600        	0.38462    	0.417005   	0.127486   	
640        	0.304251   	0.330421   	0.0965171  	
680        	0.139284   	0.151485   	0.0427268  	
720        	0.0696025  	0.0758458  	0.020981   	
760        	0.0662057  	0.0722093  	0.0195296  	
800        	0.0429819  	0.0469497  	0.0131006  	
