#----------------------------------------------------------------------------------------------------------------------------------------------------------
# Output file for vampire simulation
#   time       : 2022-12-10 15:48:17     process id : 47028
#   hostname   : d-laptop
#   path       : /media/drp/T7/Work/vampire-lsf-mc/vampire_combined
#   version    : 6.0.0
#   githash    : 893f5bcd095f2b9e55a829f48dcd9403381cadb6
#----------------------------------------------------------------------------------------------------------------------------------------------------------
0          	1.02426    	1.00791    	1.00793    	1.00791    	
40         	1.02091    	1.06967    	0.98536    	0.98585    	
80         	1.01728    	1.11785    	0.962042   	0.962809   	
120        	1.01476    	1.09845    	0.937095   	0.937623   	
160        	1.01415    	1.23488    	0.91227    	0.913345   	
200        	1.00639    	1.22746    	0.885553   	0.886066   	
240        	1.00458    	1.2913     	0.857909   	0.856274   	
280        	0.999629   	1.30815    	0.829059   	0.828643   	
320        	0.997812   	1.35971    	0.796527   	0.797564   	
360        	0.995323   	1.45421    	0.762493   	0.760978   	
400        	0.992768   	1.46435    	0.726428   	0.726098   	
440        	0.989798   	1.52502    	0.687667   	0.688156   	
480        	0.984744   	1.53947    	0.642262   	0.640022   	
520        	0.977451   	1.56591    	0.591852   	0.591545   	
560        	0.974543   	1.66254    	0.521849   	0.521625   	
600        	0.964869   	1.64236    	0.448917   	0.448379   	
640        	0.961467   	1.61437    	0.355954   	0.355048   	
680        	0.956014   	1.72015    	0.158215   	0.160302   	
720        	0.94751    	1.72342    	0.0901155  	0.0943865  	
760        	0.952196   	1.82006    	0.0668685  	0.072809   	
800        	0.944387   	1.83408    	0.0489554  	0.0584079  	
