#----------------------------------------------------------------------------------------------------------------------------------------------------------
# Output file for vampire simulation
#   time       : 2023-11-23 12:40:09     process id : 52365
#   hostname   : UOY22M030
#   path       : /Users/mss555/Dropbox/vampire_github/vampire-mara
#   version    : 6.0.0
#   githash    : 23cdedd55ac966c83535e5b5f3268dea0f55a15c
#----------------------------------------------------------------------------------------------------------------------------------------------------------
5e-16      	-5.62763209239028e-05	0.000889417757442648	0.999999602884435	0.998837258096143	4.67211557116491	159.983379829127	0.0206794514527362	1.10014900159103e-09	
1e-15      	0.000532591064831978	0.000511712657946664	0.999999727248419	0.997737813472474	9.03454455014317	159.980798394321	0.0206791177764768	1.1193454733863e-08	
1.5e-15    	0.000320552704129419	0.000133437488388888	0.999999939720198	0.996667242433478	13.3541431676583	159.920592076924	0.0206713355079744	3.97104704200388e-08	
2e-15      	0.000947771296621139	0.000604373833964425	0.999999368230719	0.99567892529849	17.0924353776306	159.891670458687	0.0206675970996416	9.61620441575891e-08	
2.5e-15    	0.00115487854250063	0.000187202287930433	0.999999315605194	0.994786180194328	20.4655688776172	159.822588423209	0.0206586675558324	1.90390266658131e-07	
3e-15      	-0.000211692242198967	4.69119608115579e-05	0.999999976492831	0.993944310857419	23.5717152561246	159.769178190111	0.020651763749177	3.33336049774897e-07	
3.5e-15    	-0.000899588378877682	0.000598100502565544	0.999999416508099	0.993107890417793	26.8283392866454	159.799683711942	0.020655706892886	5.36671058383314e-07	
4e-15      	-0.000587339675313055	0.00131885046820097	0.999998957832231	0.992241510105441	30.072115022625	159.744078424391	0.0206485193534951	8.11800357399328e-07	
4.5e-15    	-0.000517437909945457	0.000382289316665365	0.999999793056423	0.991216051289874	34.1123323688597	159.769616896386	0.0206518204563493	1.17114703497462e-06	
5e-15      	-0.0012503179642806	0.00116772394103967	0.999998536561822	0.990410913950472	36.8947660996457	159.72360211758	0.0206458725861054	1.62683644874821e-06	
5.5e-15    	-0.00189506973164901	0.00130812072316439	0.999997348761928	0.989726586462047	39.5704499434289	159.720019220305	0.0206454094608085	2.1916383002389e-06	
6e-15      	-0.00109688576069287	0.000736098941867273	0.999999127499607	0.988917605071355	42.5151196391397	159.722156650625	0.0206456857450488	2.87994189330677e-06	
6.5e-15    	-0.000642820760662275	0.000289297965394758	0.999999751544048	0.988318679137061	44.2526326220953	159.704954590933	0.020643462206837	3.70409363014523e-06	
7e-15      	-0.000530169610606993	-0.000509498227734923	0.999999729665833	0.987661620751036	46.1300869196629	159.755134589281	0.0206499484733534	4.67948360196672e-06	
7.5e-15    	-0.000470170997034327	-0.000309370603359442	0.999999841614519	0.987023376651956	48.6635339446796	159.877980637586	0.0206658275533852	5.82156969311465e-06	
8e-15      	-0.00057962213836092	-0.000789334403693532	0.999999520494573	0.986386467371027	50.832970536641	159.855517926258	0.0206629240233503	7.14281555736454e-06	
8.5e-15    	-8.21719914982266e-05	-0.000820947192130736	0.999999659646678	0.985806942506155	52.7127407613449	159.88709282454	0.0206670053946582	8.65691095557138e-06	
9e-15      	0.000722500967104053	-0.00162057506326275	0.999998425863169	0.985090974697907	55.3732697765561	159.959265740129	0.0206763344656262	1.0379263899196e-05	
9.5e-15    	0.0012252381827995	-0.00207738222506694	0.999997091633014	0.98458430909833	57.0134229663433	159.970713168751	0.0206778141602337	1.23290334564764e-05	
1e-14      	0.00120085277204431	-0.000824459883144926	0.999998939108698	0.984213812674537	58.2422163690124	160.030378663056	0.0206855265219441	1.45257043871368e-05	
1.05e-14   	0.000657239886102696	-0.000566315534819252	0.999999623661153	0.983784400706924	59.6318960868232	160.015040106621	0.0206835438601607	1.69844093732798e-05	
1.1e-14    	0.000954861612378904	-0.000825071258436515	0.999999203748043	0.983097459235688	61.8678895234454	160.07518098096	0.0206913176694937	1.97145546784923e-05	
1.15e-14   	0.00101322186542369	-0.000149279266746242	0.999999475548438	0.982751138676408	63.2664648808876	160.113357438844	0.0206962523583864	2.27297056424667e-05	
1.2e-14    	0.00110193159295514	0.000250691289068513	0.999999361450117	0.98216416004203	64.7381212648501	160.243159018176	0.020713030510349	2.60481894118999e-05	
1.25e-14   	0.00018140255039756	0.00123461885938325	0.99999922140439	0.981614786788599	66.3207010865828	160.198751100712	0.0207072903429999	2.96803810298605e-05	
1.3e-14    	-0.000586990638199569	0.000190714759281005	0.999999809534917	0.981118563820651	67.7218163691967	160.360325256003	0.0207281754180865	3.36362651870447e-05	
1.35e-14   	9.74403282110908e-05	0.000233788937531732	0.999999967924057	0.980790366403254	68.7441287397367	160.413801008645	0.0207350876937981	3.79308965995088e-05	
1.4e-14    	-0.000663352643246069	1.37359810264586e-06	0.999999779980668	0.980369924471472	69.9420746950411	160.413559594937	0.0207350564886627	4.25756830748584e-05	
1.45e-14   	-0.000337007243514066	-0.00015569458570937	0.999999931092655	0.979941710976913	71.2893543640229	160.431955664529	0.0207374343645923	4.75775426880894e-05	
1.5e-14    	-0.00012059655383573	-0.000456711568792929	0.999999888435501	0.979630251510814	72.2034319609394	160.464099447549	0.0207415892699404	5.29462321717826e-05	
1.55e-14   	0.000643110056074663	-0.000579487467603797	0.999999625301795	0.979105147123875	73.5205341492699	160.430294835333	0.0207372196858128	5.87017014432733e-05	
1.6e-14    	0.00134784944183034	-0.00112864804627466	0.999998454726541	0.978819364504201	74.3371175587666	160.431788626957	0.0207374127733159	6.4857133609666e-05	
1.65e-14   	0.00206725638753222	-0.00119433823427762	0.999997149999544	0.978506684744632	75.4781000276817	160.50222631001	0.0207465175481288	7.14228889418718e-05	
1.7e-14    	0.00154469863174179	-0.000228232448328505	0.9999987809073	0.978182257025624	76.014229069067	160.564114569606	0.0207545172244775	7.84136532590504e-05	
1.75e-14   	0.000631498736905857	-0.000691038504429956	0.999999561837469	0.977682727322034	77.2829383079263	160.621150246671	0.020761889656015	8.58374707950672e-05	
1.8e-14    	0.000756983229813574	0.000894068380107201	0.999999313808825	0.977505116394111	77.2065432914499	160.726132194077	0.02077545962239	9.37080145815546e-05	
1.85e-14   	0.00012633837453119	0.000290324325777098	0.999999949875199	0.97710481679458	78.517685321511	160.789342806005	0.0207836302259991	0.000102043769155904	
1.9e-14    	-0.000413272003896312	0.000323475474244892	0.999999862284925	0.976718958418204	79.1178432122833	160.722672676953	0.0207750124452113	0.00011084853813221	
1.95e-14   	-0.000374503767832859	0.000208868636262298	0.999999908060406	0.976353167823749	80.2652123758972	160.848574571839	0.0207912865239679	0.000120119606130687	
2e-14      	-0.000639759000814333	0.000240572141647029	0.999999766416706	0.976122420545558	81.4585549708461	160.900500236192	0.0207979984352695	0.000129853929614778	
2.05e-14   	-0.00123304148157388	8.75566410035848e-05	0.999999235970978	0.97602260414858	81.9141970690053	160.914371135596	0.020799791387707	0.000140041394632819	
2.1e-14    	-0.00194640691997684	-0.000197599519534171	0.999998086225435	0.97572977945635	82.3989260235741	160.871616066498	0.0207942648675352	0.000150702208178666	
2.15e-14   	-0.00327611369080954	1.33794570927292e-05	0.999994633435638	0.97565170996048	82.5413682192575	160.9011920274	0.0207980878562001	0.000161854698167165	
2.2e-14    	-0.00320662202814421	0.000538246624533263	0.999994713918898	0.975275287701154	83.657378958206	160.937881820649	0.020802830378824	0.000173510012797677	
2.25e-14   	-0.00255055262916631	0.00051177694174209	0.999996616377099	0.974898968982424	84.7490054658278	161.07458793642	0.0208205010111572	0.000185662986381827	
2.3e-14    	-0.00265308753054068	-0.000386492353299261	0.999996405868649	0.974872776704532	84.9095888292817	161.064024882769	0.0208191356308571	0.000198315593018124	
2.35e-14   	-0.00193806411674904	-0.000954075292047804	0.999997666821186	0.974776515316188	85.2182865165155	161.03932617473	0.0208159430758904	0.000211477276019162	
2.4e-14    	-0.00143944014621802	-0.000859366345780199	0.999998594749787	0.974536840947453	86.3601778770137	161.028884791365	0.0208145934226914	0.000225137356885775	
2.45e-14   	-0.00110232023472448	-0.00043767057921026	0.999999296667035	0.974336546842483	86.5543619246793	161.035988543491	0.0208155116536812	0.000239300149182711	
2.5e-14    	-0.000845193521342223	-0.00135624088758133	0.999998723128468	0.974206931011336	86.9625522983563	160.973625465215	0.0208074506022707	0.000253958352528161	
2.55e-14   	-0.000507591141699412	-0.00140389126263433	0.999998885719657	0.974042127753229	87.6253814558261	161.002157862135	0.0208111386998564	0.000269125181584378	
2.6e-14    	-0.000519352730647637	-0.00173859820337696	0.999998353773159	0.973775669904793	88.2918320269341	161.043537932422	0.0208164874876838	0.000284812957247596	
2.65e-14   	-0.000439003514581898	-0.00257990010620219	0.999996575689815	0.973528498613206	88.9380033422009	161.053658173067	0.0208177956299755	0.000300999838085067	
2.7e-14    	-4.97626709311915e-05	-0.00183247090600601	0.999998319785616	0.973290131760153	89.6453753302534	161.046182742333	0.0208168293558093	0.000317681412343096	
2.75e-14   	-0.000681312551708536	-0.00170106510918056	0.999998321093941	0.97325105108581	89.5718413479295	161.029376838674	0.0208146570247257	0.000334858679043755	
2.8e-14    	-0.000162845650619362	-0.00192560144087558	0.999998132768449	0.973046265058917	89.7920641600205	161.017367880371	0.0208131047467925	0.000352520759770912	
2.85e-14   	-0.000997310793848909	-0.00225505786361879	0.999996960037985	0.9729940348282	89.8382133309952	160.974418323091	0.0208075530870784	0.000370656114103121	
2.9e-14    	-0.00203710902629123	-0.00376781360508108	0.999990826841653	0.97289755335963	90.1569492020008	160.948474389109	0.0208041995742083	0.000389284147109655	
2.95e-14   	-0.00132563948999644	-0.00352602256134426	0.999992904897249	0.972782573321019	90.4514236912542	160.975325898288	0.0208076704002474	0.000408407506430549	
3e-14      	-0.00168103476357953	-0.00409811438533786	0.999990189742184	0.97277952255676	90.2191108839961	160.978976187459	0.0208081422366204	0.000428009192252682	
3.05e-14   	-0.00264001359005245	-0.00433870795331058	0.999987102887602	0.972582940352047	90.5023095150834	160.967254271363	0.020806627061762	0.000448082862870244	
3.1e-14    	-0.00205831997176046	-0.00455177070313344	0.999987522273333	0.972472342952301	91.0186317793827	160.890417946803	0.0207966951985572	0.000468608613899685	
3.15e-14   	-0.00152210205419569	-0.00466677988476298	0.999987952112846	0.972104904528706	91.6767184467562	160.821143976818	0.020787740845294	0.000489592012206746	
3.2e-14    	-0.00176404258257062	-0.0054305555226063	0.999983698477372	0.971934758056884	91.576464376709	160.830412608131	0.0207889389085644	0.000511010210334009	
3.25e-14   	-0.0011069211929908	-0.00520076518157685	0.999985863283576	0.971724915295234	91.6912665050015	160.874445595402	0.0207946306124374	0.000532856212645892	
3.3e-14    	-0.00221808273538638	-0.00536259671770201	0.999983161190938	0.971606341781143	91.6955850944671	160.746460013487	0.0207780871962983	0.000555151716248377	
3.35e-14   	-0.0013157923196189	-0.00550913786539386	0.999983958916618	0.971552609250338	91.7729350091907	160.83891045199	0.02079003733985	0.000577875046571076	
3.4e-14    	-0.000443499244085496	-0.00603650957185853	0.999981681762526	0.971405326513461	92.2416034064264	160.841200131602	0.0207903333038332	0.000601014066412008	
3.45e-14   	-0.00157461662329268	-0.00645462547605222	0.999977928952661	0.971089703494854	92.7770438989448	160.805964437383	0.0207857787380476	0.000624549050360149	
3.5e-14    	-0.00209947325627211	-0.00618297666076691	0.999978681278585	0.970866949556527	92.7092427404349	160.715543561382	0.0207740909357424	0.000648502601228307	
3.55e-14   	-0.00244672206527602	-0.00652878442533654	0.99997569396714	0.970637072542571	93.1833465232452	160.70381439084	0.0207725748231746	0.00067288521324131	
3.6e-14    	-0.00308835846118867	-0.00636239322660511	0.99997499068449	0.970558819583882	92.9540449377639	160.716965941176	0.0207742747925526	0.000697644068222145	
3.65e-14   	-0.00354936550503757	-0.00574209644602721	0.999977214906878	0.970443639980258	92.7672423775748	160.678487035452	0.0207693010092526	0.000722784160388083	
3.7e-14    	-0.00300127243592677	-0.00567326063548347	0.999979403026646	0.970331493952515	93.0678811514924	160.678300160022	0.0207692768537347	0.000748306451510987	
3.75e-14   	-0.00243389778788912	-0.00527485979891498	0.999983125855462	0.970313503025621	92.6754612068026	160.643954021636	0.0207648372719351	0.000774202671346932	
3.8e-14    	-0.00276891481254612	-0.00567896465047804	0.99998004103645	0.970200376990083	92.6188643451213	160.544607280159	0.0207519957122708	0.000800448578305403	
3.85e-14   	-0.00285715514144074	-0.00565639141301675	0.999979920748752	0.97003286981461	93.0723347391529	160.537025679606	0.020751015714594	0.000827059808424517	
3.9e-14    	-0.00269481268777436	-0.00516600035813582	0.999983025068365	0.969780162072306	93.1367881929068	160.476129886833	0.0207431443245056	0.000854050746429938	
3.95e-14   	-0.00240480568817772	-0.0048681610075685	0.999985258850353	0.969527453777559	94.1498905186599	160.386342633185	0.0207315384242247	0.000881388018282056	
4e-14      	-0.00346309745666404	-0.00459891871414078	0.999983428314023	0.969437559617061	94.0169560903141	160.441705761201	0.0207386946620744	0.000909059107152079	
4.05e-14   	-0.00335574776125043	-0.00481920345726823	0.999982756968839	0.969484154640809	93.6957798551687	160.454358176933	0.0207403301133143	0.000937050272538407	
4.1e-14    	-0.00309289366588925	-0.00481366309939624	0.9999836311942	0.969316941568656	93.6691223226968	160.358855703332	0.0207279854637104	0.000965345692387258	
4.15e-14   	-0.00312273574931832	-0.00451503377375216	0.999984931382199	0.969037156151053	94.4841721412945	160.257370311994	0.0207148674621679	0.000993913252917989	
4.2e-14    	-0.00271846529992382	-0.00352178206532827	0.999990103449778	0.969170508669555	93.8335209911482	160.217830991894	0.0207097566097072	0.00102273976981118	
4.25e-14   	-0.00309636715624476	-0.00358709034680948	0.999988772583611	0.969055894268566	94.7180540111339	160.22898653929	0.0207111985757481	0.00105181453007046	
4.3e-14    	-0.00296157376001447	-0.00331876236410532	0.999990107399686	0.968958970419897	95.3476164707793	160.216687091206	0.0207096087491059	0.00108110972635258	
4.35e-14   	-0.00264714316825956	-0.00233736736274647	0.999993764653989	0.969052331463638	95.0762272948573	160.070966099129	0.020690772853874	0.00111059604772353	
4.4e-14    	-0.00239000787413525	-0.00244527097010105	0.999994154239036	0.968870870337554	95.3227437524487	160.04336821595	0.0206872055515331	0.00114026681431527	
4.45e-14   	-0.00190857854359991	-0.00225424416959043	0.999995637846069	0.968719454930178	95.826278683333	160.05882472068	0.0206892034593127	0.00117014059012552	
4.5e-14    	-0.0021894955492542	-0.00329738462092285	0.99999216665127	0.968995097612888	94.7419105842759	159.93402659617	0.0206730720539132	0.00120016186994597	
4.55e-14   	-0.00179404908629435	-0.00385127433617279	0.999990974496202	0.968686418167845	95.5760583064601	159.922484620063	0.0206715801380979	0.00123029760574987	
4.6e-14    	-0.00219150907048409	-0.00393075421986956	0.999989873178352	0.96853850973314	96.2865234167343	159.845676141891	0.020661651874317	0.00126058172547609	
4.65e-14   	-0.00242454904267627	-0.00393177739144048	0.999989331287331	0.968450974472634	96.5967764658802	159.746282230891	0.0206488042175201	0.00129097172887726	
4.7e-14    	-0.00202738339158325	-0.002914981333647	0.999993696280336	0.968185543909593	97.1962993406977	159.57763229652	0.0206270045272394	0.00132141337295424	
4.75e-14   	-0.00143199189833268	-0.00312456679619563	0.999994093223325	0.968164332711111	96.4448666317049	159.500655420003	0.0206170544962887	0.00135187982245128	
4.8e-14    	-0.00010197937017491	-0.00252111727445994	0.999996816778882	0.968280458732963	95.6098929110161	159.445333500719	0.0206099035850794	0.0013823736233242	
4.85e-14   	0.000441993080840939	-0.00171388648746019	0.999998433616386	0.968126641834024	95.9082668413528	159.371739519884	0.0206003908272198	0.00141290111774945	
4.9e-14    	0.000470417838422076	-0.00134598951932219	0.999998983509119	0.968131766101492	95.803515305735	159.240118495002	0.0205833774937278	0.00144348649673309	
4.95e-14   	-0.00103535185458296	-0.00147818355512173	0.999998371508631	0.967944993379876	96.3089467447255	159.111841929779	0.0205667964650866	0.00147413283214704	
5e-14      	-0.000515325922548251	-0.00258624513751212	0.999996522881596	0.968045380716879	95.85427414048	159.093733251882	0.020564455737407	0.00150480077835069	
5.05e-14   	-0.00161317183036274	-0.00191185002405389	0.999996871248171	0.967809673687204	96.5362102782315	158.939001241802	0.0205444550780007	0.00153546168771299	
5.1e-14    	-0.000705416423177555	-0.00111650621707114	0.999999127900388	0.967561880467728	96.7266766228671	158.818611197926	0.0205288934610979	0.00156610631948328	
5.15e-14   	-0.00164767529724918	-0.00139852769670836	0.999997664640471	0.967098525482669	98.22644346102	158.733489497737	0.0205178906302505	0.00159672552975035	
5.2e-14    	-0.00255184754804208	-0.000791009077924725	0.999996431182997	0.966994511617493	98.429846651437	158.610131709145	0.0205019454026699	0.001627288878141	
5.25e-14   	-0.00234418750517982	-0.000805514516818301	0.999996927960933	0.966957625819634	98.9172867721305	158.571325516204	0.0204969293142247	0.0016577978714049	
5.3e-14    	-0.00219938580072758	-0.00126369325779305	0.99999678288555	0.967050358535639	98.6921475302309	158.446777801456	0.0204808302767905	0.00168825732139979	
5.35e-14   	-0.00191075747490036	-0.0014480897040448	0.999997126016911	0.966973065818314	99.2814616901169	158.406653746406	0.0204756438414912	0.00171863025603274	
5.4e-14    	-0.00132918288940875	-0.00163587505204293	0.999997778590363	0.966882217234228	99.5210734564439	158.383609482152	0.0204726651399259	0.00174889437606398	
5.45e-14   	-0.00101894235420002	-0.00116047988806617	0.999998807520743	0.966986325643046	98.663164664067	158.34570005251	0.0204677649671035	0.00177907744961455	
5.5e-14    	-0.00200669891094891	-0.00176192331015242	0.999996434386508	0.967047029725167	98.6508698204945	158.316995419281	0.0204640546062525	0.00180917703037648	
5.55e-14   	-0.00163956341128193	-0.00156751728313078	0.999997427357385	0.967117381532502	98.4885931407567	158.259558510597	0.0204566303115165	0.00183913012187333	
5.6e-14    	-0.00121105486357673	-0.00171158903425169	0.999997801902132	0.967094256758635	98.410632644119	158.16740111912	0.020444718047223	0.00186891996976651	
5.65e-14   	-0.00150562358568588	-0.00036279161314046	0.999998800739213	0.967063369043939	98.5200080817149	158.126949707083	0.0204394892977598	0.00189855757562379	
5.7e-14    	-0.00117204921741755	-4.95854740822056e-05	0.99999931192072	0.966899777057194	99.0408381820489	158.01108651423	0.0204245128216137	0.00192799873535165	
5.75e-14   	-0.000776943976277137	-0.000148723534779722	0.999999687119635	0.967078554223917	98.1374787148143	157.943795957022	0.0204158148442833	0.00195725981806626	
5.8e-14    	0.000382062053290652	-0.000868822058977501	0.999999549588307	0.96675142805914	99.3846859945505	157.965178641075	0.0204185787699942	0.00198639050281677	
5.85e-14   	0.00120891196406539	-0.000982632641896777	0.999998786481741	0.966677540615642	99.346597425179	157.869756853749	0.020406244549898	0.00201532303329451	
5.9e-14    	0.00130521446922728	-0.00118824294587995	0.999998442245732	0.966641009340299	99.7591292325542	157.799952579168	0.0203972216494633	0.002044029962951	
5.95e-14   	0.000275789559022747	-0.00111943717482063	0.999999335400045	0.966409864151746	100.937298547316	157.746044110705	0.0203902534409053	0.0020725126906599	
6e-14      	0.000964410256473247	-0.000589832106571256	0.999999361005268	0.966723711776057	99.9375993480199	157.723725244553	0.0203873685042977	0.00210072554503561	
6.05e-14   	0.000807251929952776	-0.000772233457071651	0.99999937599971	0.966655059965218	99.7367285351605	157.599078633385	0.0203712566835128	0.00212867597915056	
6.1e-14    	0.0010811915279423	7.62407427454681e-05	0.999999412605942	0.966585957002743	99.7983244041678	157.540294804846	0.0203636582859178	0.00215639058494314	
6.15e-14   	0.000577680254980334	-2.50832125441143e-05	0.999999832828164	0.966638633050556	99.7852100714587	157.3872273716	0.0203438727897108	0.00218384967270483	
6.2e-14    	0.000669238149339736	0.000215420264576109	0.999999752857174	0.966668228223634	99.8962326402623	157.26896570088	0.0203285862863193	0.00221105856696607	
6.25e-14   	0.000497488950770038	-7.62403391894612e-05	0.999999873346069	0.96656757793284	99.9849630574596	157.221694285318	0.0203224759832099	0.00223799522947773	
6.3e-14    	0.00121258824691416	0.000595164308345042	0.999999087704179	0.966593308841951	99.2812269115345	157.170814721699	0.0203158992908877	0.00226463205237655	
6.35e-14   	0.00158571883605813	0.000713218364573015	0.999998488406526	0.966298113392928	99.9956589019118	157.194340299754	0.0203189402070742	0.00229102256269151	
6.4e-14    	0.00216536106049956	0.000961359182904921	0.999997193496061	0.966257113389399	99.9643538719228	157.075916573366	0.0203036327563671	0.00231719686585293	
6.45e-14   	0.00202652735947015	0.00126811888832724	0.999997142526591	0.966132354095816	100.213725505438	156.986055834494	0.0202920173573861	0.0023431132985882	
6.5e-14    	0.003455822182338	0.000379609463511162	0.999993956576588	0.965990767339754	100.535031110143	156.903465401441	0.0202813417181256	0.00236871256402767	
6.55e-14   	0.00384544435644987	0.000747358245984816	0.999992326977239	0.965795753787093	100.616496015349	156.867545550608	0.020276698718257	0.00239394551641936	
6.6e-14    	0.00422730090761283	0.00116105412788743	0.999990390894007	0.965762852027679	100.412593882393	156.823884515084	0.0202710550928665	0.00241881413435998	
6.65e-14   	0.00326263456893182	0.00149629836633588	0.999993558132685	0.965914795649945	99.5774827952882	156.676946290926	0.0202520618582173	0.00244330114495221	
6.7e-14    	0.00325688514652395	0.00162323410572381	0.999993378883171	0.96597226673431	99.1554720320335	156.487968352627	0.0202276345701774	0.00246740128355577	
6.75e-14   	0.00185360457388321	0.0014407237826039	0.999997244228736	0.965931892140421	99.4935289743388	156.305589657862	0.0202040603003475	0.002491160650619	
6.8e-14    	0.001756310344709	0.00218095076698785	0.999996079406177	0.965837366952632	100.191501791566	156.223576782684	0.0201934593162168	0.00251453029734289	
6.85e-14   	0.00205002555917858	0.00290944805444309	0.999993666233554	0.965852269048379	99.7115298412404	156.21983908232	0.020192976181073	0.00253751165663797	
6.9e-14    	0.00259941656862364	0.00295902649550357	0.99999224356777	0.965938049780294	99.2450710624745	156.142103791711	0.0201829281175177	0.00256017889227947	
6.95e-14   	0.00363963132193841	0.00305452598851267	0.999988711413697	0.965962090792745	98.8702668420016	156.046570757772	0.0201705795176844	0.00258247546391693	
7e-14      	0.00373886504884885	0.00307859919385167	0.999988271488796	0.965998202334002	98.7422899313492	156.029999224773	0.0201684374813522	0.00260437118677199	
7.05e-14   	0.00336574284857975	0.00369656785517721	0.999987503502503	0.966069515411276	98.4207482240791	155.914464569561	0.0201535034719812	0.00262591642062841	
7.1e-14    	0.00336045741301703	0.0036090941350137	0.999987840808827	0.966023031372211	98.4518271583228	155.858377314979	0.0201462536335324	0.00264710105400766	
7.15e-14   	0.00248694512096678	0.00341916303768602	0.999991062174101	0.966016921033682	98.4047566915623	155.85673016499	0.0201460407229272	0.00266792899471405	
7.2e-14    	0.00327011044506428	0.0037067993993994	0.999987782933317	0.966203732467503	97.7202352643015	155.713629626614	0.020127543547537	0.00268838238719015	
7.25e-14   	0.00328921154759393	0.00442798977318202	0.999984786881262	0.966033248569707	97.4532946673281	155.639346237516	0.0201179416767662	0.00270842753976627	
7.3e-14    	0.00300726517422843	0.00474415900735795	0.99998422453131	0.965935908275129	97.2264585725868	155.462911630166	0.0200951357396671	0.00272809331236342	
7.35e-14   	0.00365682937245141	0.00540097061642334	0.999978728331429	0.966001681764431	97.0455656415615	155.404255620036	0.0200875538638799	0.00274737245782329	
7.4e-14    	0.00343643684939836	0.00640627533586373	0.999973574919908	0.965956547758773	97.2047887545308	155.300692546668	0.0200741673011614	0.00276626919704817	
7.45e-14   	0.00266346442433799	0.00629148715276126	0.999976661300986	0.965755043648871	97.4842659527958	155.24490297711	0.0200669559414783	0.0027847670598996	
7.5e-14    	0.00227240325767029	0.00653578149371923	0.999976059585279	0.965618522663494	97.8401195108557	155.222196190323	0.0200640208622499	0.00280283311560035	
7.55e-14   	0.00147363992907139	0.00615558165604349	0.999979968399285	0.965455788118816	97.9808727113599	155.120930552546	0.0200509312660528	0.00282048685149996	
7.6e-14    	0.00135567506930261	0.0060735254109223	0.999980637029632	0.965501484117551	97.9173725620549	155.153207731539	0.0200551034141642	0.00283769274128825	
7.65e-14   	0.000536215484339219	0.00572414963665069	0.999983473155378	0.965376362840034	98.2685050826651	155.047739763953	0.0200414706248218	0.00285455224154274	
7.7e-14    	0.00169378970830384	0.00582243782751281	0.99998161497808	0.965370374663123	98.0494445087889	155.006173785358	0.0200360978064868	0.00287107279431531	
7.75e-14   	0.00115350310613552	0.00583567668153969	0.999982306997605	0.965357882760377	98.2841924266393	154.985204384124	0.0200333873017127	0.00288716962715092	
7.8e-14    	0.00108914355655796	0.0060051510959488	0.999981375789883	0.965345840984034	98.7540410133647	154.92339710607	0.0200253980930377	0.00290286070867788	
7.85e-14   	0.00198470306302041	0.00556552349594225	0.999982542798607	0.965202190007381	99.7668162388932	154.843482570071	0.0200150683402265	0.0029181236863751	
7.9e-14    	0.00181520755106838	0.00650948517200626	0.999977165551465	0.965176205239663	99.1546295639546	154.806691086737	0.0200103126731422	0.00293294609132625	
7.95e-14   	0.00164054835093935	0.00631079048867045	0.999978741036286	0.965262403292548	99.0990228410749	154.737897884411	0.0200014204639059	0.00294735096905073	
8e-14      	0.000993823066562795	0.00770436812255979	0.999969827058569	0.965133489278253	99.4794246828651	154.791153602591	0.0200083042979633	0.00296134156009685	
8.05e-14   	0.000675347823087554	0.00802391226079462	0.999967579843141	0.964985213811484	98.8134858606476	154.660094421618	0.0199913635884143	0.00297490380338827	
8.1e-14    	-0.00017613555240774	0.00804699139517707	0.999967606928221	0.964882741362869	99.1943695333667	154.583337515508	0.0199814419908377	0.00298802692579317	
8.15e-14   	-0.000422478122427327	0.00788221723748491	0.99996884559653	0.964950094779034	98.7013372246327	154.527285442743	0.0199741966999908	0.00300072825035039	
8.2e-14    	-0.00145388325991113	0.00758941995435787	0.999970143018392	0.964891183164651	98.3713895216683	154.510317414513	0.0199720034126853	0.00301307733975098	
8.25e-14   	-0.00221971379294985	0.00756963546189741	0.999968886260793	0.965088591472367	97.3978541472888	154.491530849114	0.0199695750612683	0.00302502431026901	
8.3e-14    	-0.00201088366918724	0.00818082671685967	0.999964514580941	0.964996518336795	97.8527919877971	154.427191762723	0.0199612585910516	0.00303656960358544	
8.35e-14   	-0.0013848711815907	0.00819154026539744	0.999965489804469	0.96503553198399	98.1270221237692	154.377551309601	0.0199548420661505	0.00304774836189085	
8.4e-14    	-0.00125540227098937	0.00838829601461296	0.999964029580619	0.964965644356728	98.1310167937665	154.213875673234	0.0199336853536227	0.00305855849906918	
8.45e-14   	-0.00114592790591819	0.00841378379589146	0.999963946895822	0.964812451087453	98.6240433594569	154.033964442373	0.0199104300281735	0.00306897932318799	
8.5e-14    	-0.0014378133697647	0.008222462852698	0.999965161291807	0.964796715905467	98.5481077707812	153.92746411716	0.0198966637962857	0.00307897537956249	
8.55e-14   	-0.000350270935214467	0.00797275008064593	0.999968155776184	0.964674228374237	98.9371345608655	153.901880725067	0.0198933568870595	0.00308858919321715	
8.6e-14    	-0.000377143920680813	0.00873449519344522	0.999961782447799	0.964563345126019	99.307969381246	153.905124340189	0.0198937761567456	0.00309782711483013	
8.65e-14   	-5.97850907257953e-05	0.00926236687715441	0.99995710157265	0.9644129606928	99.8850208809061	153.90896878027	0.0198942730890652	0.00310667168038207	
8.7e-14    	-5.60751305571791e-05	0.00925209022545292	0.999957196924968	0.964288585672909	100.429616235535	153.793029490432	0.019879286776623	0.00311511317424645	
8.75e-14   	0.000811148431000093	0.00921828014919392	0.999957181757956	0.964398588245144	100.075586860853	153.685855875651	0.0198654335153266	0.00312319007844686	
8.8e-14    	0.00122485387171509	0.00929916666984852	0.999956011648632	0.964321091568046	100.289499436626	153.674257454899	0.0198639343034762	0.00313086363180607	
8.85e-14   	0.000209869757454646	0.00925420047951923	0.999957156946321	0.964239505521508	100.23000407683	153.617655795975	0.0198566179731229	0.00313812833215639	
8.9e-14    	0.000773682517924604	0.00988848657136132	0.999950808414439	0.964157440655196	100.946466093272	153.550906184191	0.0198479899183974	0.00314502797455456	
8.95e-14   	0.000450155221843746	0.00937085502981606	0.999955991249758	0.96423225670077	100.710637320306	153.461368918803	0.0198364163315987	0.00315152498904825	
9e-14      	-7.56565381603793e-05	0.00861426431752412	0.999962893674738	0.964107640554698	100.533869141206	153.515398402135	0.0198434001825382	0.00315761837669089	
9.05e-14   	-0.00112645735355023	0.00969458874648045	0.999952371887215	0.963898852437871	100.781150285907	153.393362043647	0.0198276257630112	0.00316330691927367	
9.1e-14    	-0.00182092398291435	0.00956070318558309	0.999952637473619	0.963822850624316	101.476309682492	153.357987691869	0.0198230532743498	0.0031685418551862	
9.15e-14   	-0.00162479946059291	0.00930513289376153	0.999955386269079	0.964093937695533	100.62878463767	153.295807471747	0.019815015859184	0.0031733721161784	
9.2e-14    	-0.00176277080694581	0.00813387773902816	0.999965365736238	0.963995386269618	100.884476469929	153.187908373542	0.019801068821901	0.00317787522651101	
9.25e-14   	-0.00233990583883199	0.00836475359964162	0.999962277157435	0.963910943406594	100.646872299332	153.241206648439	0.0198079581568397	0.00318205201013464	
9.3e-14    	-0.00229454488395836	0.00835427077178964	0.99996246990757	0.963884622343955	100.668251310221	153.293332923736	0.0198146959991114	0.00318588517433719	
9.35e-14   	-0.00244085993719767	0.00836854563244423	0.999962004101538	0.963947064200671	100.733690511426	153.197823569589	0.0198023504601281	0.0031893248629303	
9.4e-14    	-0.00231899820586812	0.00841612137040023	0.999961894848199	0.964026756093517	100.8129240421	153.183867540663	0.0198005465038487	0.00319236430324392	
9.45e-14   	-0.00242493562185412	0.00930641002168618	0.999953754140529	0.964376566490914	99.8702930413097	153.162130386599	0.0197977367593448	0.00319508400820109	
9.5e-14    	-0.00268767119726305	0.00905085871389032	0.999955428196716	0.964243489499906	100.016874601132	153.147674257607	0.0197958681601316	0.00319754076623936	
9.55e-14   	-0.00315903339827736	0.00975349813012196	0.999947443510015	0.964123104298472	100.050631911316	153.05675369888	0.0197841157688379	0.00319973445661672	
9.6e-14    	-0.0034999333698024	0.00911348775947893	0.999952346268193	0.964118015315424	100.226544564164	153.095202263051	0.0197890856301887	0.00320163394699773	
9.65e-14   	-0.00310243470203697	0.00865495102012413	0.999957732467607	0.964277402422087	99.4001296410054	153.092010417097	0.0197886730521852	0.00320325270105819	
9.7e-14    	-0.00304098053983583	0.00854802209905725	0.999958841030745	0.964333714790785	98.9250891756944	152.998072359358	0.0197765306189731	0.00320456047999035	
9.75e-14   	-0.00212400368101113	0.00879410863623693	0.999959075293413	0.964256846456728	98.8235467658067	153.01179806489	0.0197783048036512	0.00320545066165712	
9.8e-14    	-0.00242435284072542	0.00939658964043121	0.999952912199586	0.964428141562163	98.3340531116558	152.936573988774	0.0197685813396777	0.00320597916993033	
9.85e-14   	-0.00232490190808682	0.00944339809479375	0.999952707413476	0.964658994002289	98.0913559341483	152.867165538323	0.0197596096034696	0.00320622246255716	
9.9e-14    	-0.00178607091879097	0.00903541603162294	0.999957584704376	0.964637313250152	97.7348863463207	152.789628903972	0.0197495872182221	0.00320618767253841	
9.95e-14   	-0.00144787837140954	0.00865666405010478	0.999961482166061	0.964686935993664	97.0350727640293	152.726272139327	0.0197413977229127	0.00320588547887738	
1e-13      	-0.00180763555845503	0.00819629976080331	0.999964775941592	0.964578990943838	96.9095274899706	152.663666068663	0.0197333052623062	0.0032052778205381	
1.005e-13  	-0.00240568793607586	0.00741618517377306	0.999969605969613	0.964712497928188	96.3600513327584	152.546964291958	0.0197182203908128	0.00320436314709407	
1.01e-13   	-0.00230860671824438	0.00722903706715505	0.999971205264483	0.964611915821619	97.108885365306	152.555470264515	0.0197193198728134	0.00320318760266659	
1.015e-13  	-0.00189513374577256	0.00657221557475946	0.999976606951645	0.964691808377395	97.026718029369	152.506704206157	0.0197130163721786	0.00320176239700783	
1.02e-13   	-0.00263722707475492	0.00684244884638612	0.999973112602104	0.964493128866856	97.5264558075655	152.487020179371	0.0197104720149036	0.00320008520349997	
1.025e-13  	-0.00298299915840544	0.0073776421574853	0.99996833555479	0.96429496549474	98.5947019681666	152.553683465439	0.0197190889111675	0.0031982218636614	
1.03e-13   	-0.00303665078357206	0.00740920116447387	0.999967940731163	0.964212760725002	98.3322061520826	152.52206801703	0.0197150022983504	0.00319622781410326	
1.035e-13  	-0.00310932334117481	0.00760921332219175	0.99996621541979	0.964241273789105	98.3928769096789	152.374216376659	0.019695890995523	0.00319409856412228	
1.04e-13   	-0.00420570605997676	0.00741117525999904	0.999963692599788	0.964373821234714	97.8380232053702	152.314093144196	0.019688119466579	0.00319177640816931	
1.045e-13  	-0.00358054682970396	0.0066102482640825	0.99997174175188	0.96407181185118	99.0693102082379	152.268032183857	0.0196821656269102	0.00318921325370348	
1.05e-13   	-0.00401483739761222	0.00677268530581578	0.999969005426878	0.963918454012608	99.507319588461	152.205194651152	0.0196740432475205	0.00318644445681335	
1.055e-13  	-0.00423159272538974	0.00672185298937402	0.999968454660144	0.964016496560172	99.9331224375588	152.158807515861	0.0196680472464779	0.00318348169354968	
1.06e-13   	-0.00451003289160676	0.00670486060095525	0.999967351690863	0.963894925955403	100.079113833955	152.052284655348	0.0196542781016772	0.00318036223390462	
1.065e-13  	-0.00569215370804508	0.00614636734010691	0.999964910161694	0.963980456267776	99.7128588495359	152.056402299996	0.0196548103484185	0.00317704660798241	
1.07e-13   	-0.00632803718160957	0.00656913080863561	0.999958400367659	0.963804137661567	100.411786367975	151.954761307896	0.0196416722339219	0.00317356279176274	
1.075e-13  	-0.00564895565817539	0.00634133093649429	0.99996393776072	0.963727904230837	100.624437464054	151.789041490086	0.0196202512905039	0.00316996023952246	
1.08e-13   	-0.00525416199709428	0.00582083574378979	0.999969255353859	0.964026021223114	100.176062299804	151.69217635661	0.0196077305034863	0.00316623861584674	
1.085e-13  	-0.00493993837494742	0.00570311346439883	0.999971535347714	0.964071406349993	100.234338280312	151.634497944697	0.0196002749920432	0.00316245900280825	
1.09e-13   	-0.00437706257492953	0.00593486198956407	0.999972808998515	0.963829880038318	101.013144987436	151.499062567114	0.0195827686153264	0.00315865475375665	
1.095e-13  	-0.00464893423941011	0.00625238860568077	0.99996964706293	0.963943502413405	100.691305277702	151.362783097936	0.0195651531313313	0.00315481621244202	
1.1e-13    	-0.00492002774813188	0.0060731552385436	0.999969454589692	0.963772075104676	101.544956158962	151.269366928915	0.0195530781574546	0.00315094400994188	
1.105e-13  	-0.00486777118370764	0.00659827367895192	0.999966383229037	0.963593876952147	101.774966598282	151.261170478162	0.0195520186842416	0.00314702796004527	
1.11e-13   	-0.00555446301563577	0.00644276346154244	0.999963818715251	0.963664657617261	101.905330098873	151.173766444156	0.0195407208389284	0.00314300854852879	
1.115e-13  	-0.00620833629467165	0.00583199378766597	0.999963721546393	0.963849498049766	101.109339892207	151.116156428381	0.0195332741683698	0.00313888650219674	
1.12e-13   	-0.0058837625455807	0.00499191912927555	0.999970230597748	0.963929731598905	100.791543459908	151.031131996464	0.0195222839104192	0.003134653020673	
1.125e-13  	-0.00533190864231555	0.00451047306938535	0.999975612894095	0.963994090328184	99.9785266739007	151.053384186757	0.0195251602285054	0.0031303628862479	
1.13e-13   	-0.00578535507399281	0.00408123230443967	0.999974936290678	0.964090460721518	99.0331088915757	150.975706834463	0.0195151196540568	0.00312611086141226	
1.135e-13  	-0.00581943297062788	0.0044567244392583	0.999973135542737	0.964149358944836	98.1541265847867	150.895480312058	0.0195047495738829	0.0031218686457759	
1.14e-13   	-0.00636718335956835	0.00381891236919296	0.999972437062333	0.964183071044929	97.6145238731314	150.888474517976	0.0195038440049496	0.0031176274658323	
1.145e-13  	-0.00529324568155582	0.00406102958561082	0.999977744546777	0.964020368033327	98.6582355417124	150.847143613824	0.0194985015723368	0.00311342433166038	
1.15e-13   	-0.00535408536441691	0.00429335862379924	0.999976450143521	0.964261619286554	98.2874089177322	150.732953101191	0.0194837413068338	0.00310923955627633	
1.155e-13  	-0.00578595978085479	0.00478206373462738	0.999971826871063	0.964254695237428	98.1161091513863	150.644299361753	0.0194722819245982	0.00310508920050297	
1.16e-13   	-0.0063914978493244	0.00506423387205737	0.999966750592504	0.964041663897441	98.5636151279755	150.63984478488	0.0194717061259977	0.00310101934950602	
1.165e-13  	-0.00662660279998161	0.00559606008143615	0.99996238541602	0.964259148150464	98.3207173223257	150.530864711051	0.0194576193618074	0.00309701546132515	
1.17e-13   	-0.00695605963650474	0.00533099269815221	0.999961596138164	0.96404552508103	99.2812223905193	150.533725172906	0.0194579891051026	0.00309306412469051	
1.175e-13  	-0.00720001715131317	0.0045190938872246	0.999963868118973	0.963969017126764	99.3958814383183	150.536867634584	0.0194583952996947	0.00308919209863282	
1.18e-13   	-0.00735192532842922	0.00407361808056157	0.999964676790985	0.964044827627432	98.8834469800694	150.399937780982	0.0194406957470099	0.00308542119565648	
1.185e-13  	-0.00691580557616778	0.00392683423029835	0.99996837530302	0.964114966427454	98.5039113844683	150.352950568514	0.019434622179992	0.00308170004722908	
1.19e-13   	-0.0068964160562151	0.00393311298451953	0.999968484537303	0.964186344756029	98.2470026781088	150.231097465296	0.0194188714480406	0.00307801971320269	
1.195e-13  	-0.00644070490084733	0.00320416948376143	0.999974124974391	0.964156051893319	98.286335786704	150.079964230356	0.0193993359663038	0.00307445663654853	
1.2e-13    	-0.00581963138916642	0.00288925902497051	0.999978891813613	0.96439934777574	97.2649867185027	149.983370920459	0.0193868503152016	0.00307100579674967	
1.205e-13  	-0.00497453973508356	0.00370598453812141	0.999980759631418	0.964374079233069	97.0027752059363	149.918031443692	0.0193784045345265	0.00306760701802338	
1.21e-13   	-0.00555786392647715	0.0040445114376295	0.999976375758851	0.964329961933887	97.1745934064067	149.741780221137	0.0193556223017457	0.00306422146263105	
1.215e-13  	-0.00522907225554046	0.00443856287223409	0.999976477704839	0.964134221227081	98.0197185361879	149.662529321525	0.0193453783305727	0.00306084860795527	
1.22e-13   	-0.00531389182872758	0.00549099553024324	0.999970805334696	0.964036672810002	98.4477263906156	149.62471305794	0.0193404902003947	0.00305750820025099	
1.225e-13  	-0.00530023996475192	0.00539170997033697	0.999971418051492	0.964052117942461	98.6467167168795	149.539139549326	0.0193294289687911	0.00305421601773369	
1.23e-13   	-0.005160173910079	0.006225773246548	0.99996730564189	0.963916588676574	99.255030062772	149.471366552495	0.0193206686313156	0.00305101846081111	
1.235e-13  	-0.00480162502550607	0.00589106676235614	0.999971119447715	0.96388177967829	100.063968879446	149.373750179213	0.0193080507390417	0.00304792591994476	
1.24e-13   	-0.00469485331932558	0.00570149826388654	0.999972725262973	0.963517028070764	100.629658373765	149.267282390023	0.0192942887127602	0.00304491444296726	
1.245e-13  	-0.00409873859464045	0.00685502954197911	0.999968103947277	0.963444065151971	100.620974717542	149.209737111392	0.0192868504101249	0.003042034899837	
1.25e-13   	-0.00444231281116427	0.00666046111571076	0.999967951543755	0.963446463721851	99.7765938393755	149.135789648703	0.0192772919612012	0.0030392724740874	
1.255e-13  	-0.00518222639104129	0.00630854279740684	0.999966672853353	0.96337274136329	100.266780922585	148.943002008993	0.0192523722311622	0.00303658214323645	
1.26e-13   	-0.0053270921228706	0.00604245372388966	0.999967554894912	0.963428106015046	99.4910653307295	148.808579433198	0.0192349967692031	0.00303402585001352	
1.265e-13  	-0.00562382383663526	0.00581480971026368	0.999967279761437	0.963400264160958	99.8326430951422	148.744027675858	0.0192266528091399	0.00303161358739023	
1.27e-13   	-0.00650278415314124	0.00485917288034306	0.999967050575756	0.963293961070455	100.024734321145	148.62565869014	0.0192113524342115	0.0030293252104232	
1.275e-13  	-0.00565674217052223	0.00565554804315704	0.999968007510414	0.96304771082291	100.90143401857	148.556350220663	0.0192023936215441	0.00302714552114753	
1.28e-13   	-0.00577022628127218	0.00640693883367142	0.999962827120811	0.963318580780771	99.6603107587437	148.540931956859	0.0192004006567863	0.00302505355465861	
1.285e-13  	-0.00523397574257628	0.00626915318093777	0.999966651052084	0.963288860028707	99.806397915332	148.543295320091	0.0192007061451145	0.00302303152925562	
1.29e-13   	-0.00491228419541469	0.00630726976860115	0.999968043395412	0.963588037176128	98.868925107549	148.476151588082	0.0191920271464087	0.00302112167390516	
1.295e-13  	-0.00469647057507351	0.00665057889615614	0.999966855932977	0.963755801260308	97.759078514696	148.37685701005	0.0191791923293914	0.00301940355655703	
1.3e-13    	-0.00511865526274612	0.00707921356260993	0.999961841323776	0.96364362192502	97.464651248372	148.25692466404	0.0191636898745141	0.00301784333594636	
1.305e-13  	-0.00478250249227314	0.00659801451427751	0.99996679638595	0.963786079366281	97.3587242939596	148.094644282551	0.0191427135126301	0.00301638016701573	
1.31e-13   	-0.005176932382398	0.00588955335795002	0.999969255793573	0.963633505439916	97.6531485234363	147.99437624129	0.019129752865757	0.00301502585124792	
1.315e-13  	-0.00525969715622919	0.00623041332815831	0.999966758215284	0.963622086191517	97.4140067718753	147.845842737832	0.019110553425308	0.00301378050306629	
1.32e-13   	-0.00553501964180231	0.00623837670994421	0.999965222502058	0.963674431150618	97.0269538922161	147.770848296964	0.0191008596439864	0.00301265046252691	
1.325e-13  	-0.00600334191407487	0.0054540441669722	0.99996710610304	0.963520381685974	97.9310738098617	147.655049184481	0.019085891450869	0.00301162797711755	
1.33e-13   	-0.00577410340923149	0.00547010945670268	0.999968368315894	0.96335801818866	98.4291601846461	147.615081272537	0.0190807251986271	0.00301064842035992	
1.335e-13  	-0.00558650589262239	0.00542175656080384	0.999969697294727	0.96355474009973	97.6940986065613	147.444493471723	0.0190586750197325	0.0030097200767727	
1.34e-13   	-0.00522162308507428	0.00494121205152269	0.999974159204036	0.96358929388076	97.2569230487713	147.381111735456	0.0190504822965915	0.00300885192165651	
1.345e-13  	-0.00489904741300127	0.00515511068317637	0.999974711764397	0.963735747268424	97.1299260023685	147.315739938137	0.0190420323381614	0.00300803599376016	
1.35e-13   	-0.00502695904589523	0.00528496315529204	0.999973399069794	0.963934004926735	97.1907130099182	147.219274330184	0.0190295631938125	0.00300725506938084	
1.355e-13  	-0.00451250379718313	0.00558370059411637	0.999974229466518	0.963718838921749	97.7137726516021	147.093699527729	0.0190133313950232	0.00300649211147129	
1.36e-13   	-0.00380130390009238	0.0066945559957202	0.999970366065255	0.963692560298821	98.0534799663419	147.029907457781	0.0190050856321509	0.00300577129205866	
1.365e-13  	-0.00323611360198946	0.00610617160135082	0.999976120833458	0.963533248990972	98.1855889385926	146.958925135854	0.018995910457318	0.00300509333151396	
1.37e-13   	-0.00381793980203524	0.00599566878016873	0.999974737326672	0.963688247524186	98.530693877292	146.819107908726	0.0189778376827351	0.00300448270622352	
1.375e-13  	-0.00386627415430744	0.00567740783616688	0.99997640920395	0.963747237031311	97.9503046349051	146.779162366366	0.0189726743219856	0.00300394976171184	
1.38e-13   	-0.00373846378247235	0.00536680285956438	0.99997861042905	0.963693801443726	97.7552608830907	146.691954304943	0.0189614018080881	0.00300346758909818	
1.385e-13  	-0.00315575684710506	0.00615563667691864	0.999976074381694	0.963521868045314	97.9640845862806	146.549949017715	0.0189430462048599	0.00300298455676372	
1.39e-13   	-0.0040995313580643	0.00656179343976725	0.999970067906784	0.963355142249998	98.256440271152	146.480875856924	0.0189341178081928	0.00300251713560589	
1.395e-13  	-0.00471109321661096	0.00677255336704695	0.999965968481725	0.963382119453274	98.8162683200779	146.424780076411	0.0189268668676823	0.00300217757152488	
1.4e-13    	-0.00451295371439838	0.00646425030817098	0.999968922875469	0.963209439465938	99.0096759908333	146.375717369179	0.0189205250222139	0.00300193482830022	
1.405e-13  	-0.00503497618395438	0.00685969045098401	0.999963796175513	0.963203569195615	99.2931964227076	146.305933312516	0.0189115047351474	0.00300173298129429	
1.41e-13   	-0.00513453512433506	0.00761696403142551	0.999957808313931	0.963122030432766	99.3366598598088	146.158050633562	0.0188923894202731	0.00300158175127525	
1.415e-13  	-0.00444032769261614	0.00658876463022424	0.999968435337151	0.963296472089931	98.8335076623555	146.001424722666	0.0188721439552498	0.00300146681174694	
1.42e-13   	-0.00451817489252928	0.00684487024755066	0.999966366357856	0.963229908654433	98.4934868571577	145.86973645818	0.0188551219303667	0.00300139175694501	
1.425e-13  	-0.00507102144002456	0.00709122998521672	0.999961998877383	0.963229196465658	97.979926689574	145.771327946701	0.0188424016463106	0.00300133593564428	
1.43e-13   	-0.00535200238856794	0.00656760856665047	0.999964110650051	0.963208452330266	97.5953758205383	145.757407062775	0.0188406022328739	0.00300128426031571	
1.435e-13  	-0.00438184146579007	0.00684390895912164	0.999966979642592	0.962819986988069	98.5576698524185	145.665335931953	0.0188287011186327	0.00300121127729469	
1.44e-13   	-0.00437976217203556	0.00611993647260318	0.999971681629479	0.962912600520614	98.729003083827	145.489088610114	0.0188059193900587	0.00300113752661903	
1.445e-13  	-0.00479519241690131	0.00585500052640337	0.999971362139197	0.963025942792916	98.3361228328574	145.487691204076	0.0188057387613562	0.00300105954369043	
1.45e-13   	-0.00385876579437276	0.00626569488921498	0.999972925130526	0.963020030072638	98.0028211905025	145.497967421955	0.0188070670652647	0.00300097345018006	
1.455e-13  	-0.00350587139050983	0.00664242982142888	0.999971793098116	0.962925436646158	99.0399680706611	145.378826655513	0.0187916669299612	0.00300089017464354	
1.46e-13   	-0.00357582790592015	0.00643591457410305	0.999972895861874	0.962933098584553	99.0072067515727	145.31057189855	0.0187828443201717	0.00300079025527261	
1.465e-13  	-0.00391351486394606	0.00589863921337511	0.999974944914541	0.96295397051488	99.2597465578905	145.160121046847	0.0187633970432913	0.0030007094305342	
1.47e-13   	-0.00342546509014752	0.00649433768334384	0.999973044520187	0.962806226264896	99.7309422039966	145.094233266872	0.0187548803889439	0.00300062415249677	
1.475e-13  	-0.00399280615498476	0.00691588437536318	0.999968113512784	0.962794047909932	99.5202441147362	145.047838353653	0.0187488833825263	0.00300049339949802	
1.48e-13   	-0.00405655888810248	0.00774479407865269	0.999961780516969	0.96292485761972	98.953515127304	145.048932376051	0.0187490247958598	0.00300029752807562	
1.485e-13  	-0.00449422941109992	0.00654937821556625	0.999968453275897	0.962622304580284	99.9286969469817	144.944904532586	0.0187355781569591	0.00300004847586582	
1.49e-13   	-0.00336072824500422	0.00719530933579603	0.999968466017417	0.962204144998167	101.009879436971	144.827130252231	0.0187203546536452	0.00299979308126754	
1.495e-13  	-0.00319584090658157	0.00699920969930205	0.999970398394115	0.962327549909224	100.369870282967	144.652410497251	0.0186977703783613	0.00299954007407994	
1.5e-13    	-0.00369126914038116	0.00734084648196008	0.999966242682753	0.962268134347132	100.819315638122	144.606285039553	0.0186918082017638	0.00299924096914268	
1.505e-13  	-0.00390902327556026	0.00718568462247097	0.999966542177056	0.962346037157362	100.315949537711	144.578115213075	0.0186881669700326	0.00299886796777859	
1.51e-13   	-0.00447207737821698	0.00793345989301972	0.999958529509124	0.962215395398483	100.490687608077	144.513820170587	0.0186798561929308	0.00299843975759291	
1.515e-13  	-0.00378849456738613	0.00769283974174831	0.999963233086907	0.962261633912126	99.5193629409105	144.485792680233	0.0186762333595667	0.00299799566668471	
1.52e-13   	-0.00447831351932481	0.00827396056707925	0.999955742162901	0.962209680377429	99.3315297214288	144.462815655905	0.0186732633494343	0.00299754420570276	
1.525e-13  	-0.0040708070913468	0.00824443002760292	0.999957728058114	0.962256784221067	99.6923330541549	144.424600026402	0.0186683235972182	0.00299708965117244	
1.53e-13   	-0.00456020813218317	0.00909257760760935	0.999948263428784	0.962584342696161	98.7462368340679	144.352860828459	0.0186590505885925	0.00299661485076802	
1.535e-13  	-0.00493495064370687	0.00955029611422417	0.999942217383722	0.96247308734921	98.9095667395533	144.252866143766	0.0186461252757894	0.00299605240244756	
1.54e-13   	-0.00429071852040304	0.00949171695582348	0.999945747050213	0.962458881529904	98.491713776858	144.052780402745	0.018620262193185	0.00299542864364427	
1.545e-13  	-0.00390227495202061	0.010187006770866	0.999940496801309	0.962438643652464	98.4124515809668	144.047836853878	0.0186196231900653	0.00299477354558062	
1.55e-13   	-0.00433513898313084	0.0106371797998492	0.999934026311688	0.962335388130808	97.9959469029615	143.975045942451	0.0186102142369562	0.00299409101121233	
1.555e-13  	-0.00428553975694688	0.0105588512744342	0.999935070296445	0.962069802741933	99.0035443222261	143.791124693875	0.0185864405766228	0.00299334413893713	
1.56e-13   	-0.00427142294549272	0.0101934526391581	0.999938922369419	0.962082229558476	99.1203120409314	143.683544761386	0.0185725347946997	0.00299251155086609	
1.565e-13  	-0.00347448706989879	0.0103951866141544	0.99993993221336	0.961889903699768	100.191966969633	143.619009399638	0.0185641929539306	0.00299164806849669	
1.57e-13   	-0.00351532995785211	0.00999503922863729	0.999943869247722	0.961814378224881	100.820931814532	143.554503006284	0.0185558548576161	0.00299070804679162	
1.575e-13  	-0.00372684507123433	0.00928353826888575	0.999949962019613	0.961838389865321	100.668193012516	143.532406675802	0.0185529986859687	0.00298965993548302	
1.58e-13   	-0.00389584019192543	0.00970784405628193	0.99994528859982	0.961694425533644	100.429055989	143.611700392601	0.0185632481916914	0.00298851271302023	
1.585e-13  	-0.00382692444188032	0.00921205388500369	0.999950245118494	0.961709810563126	99.7043269594235	143.586681616979	0.0185600142647894	0.00298726013298898	
1.59e-13   	-0.00478253251947459	0.00963926427076368	0.999942104307554	0.961926792384758	98.9350110262042	143.507486916655	0.0185497775579364	0.00298593206748632	
1.595e-13  	-0.00418471570286155	0.00882497878021607	0.999952302814497	0.961785749080614	99.3045641977642	143.524766633743	0.0185520111341429	0.00298456335951711	
1.6e-13    	-0.00411391916133036	0.00892735114565995	0.999951687868297	0.961683850936313	99.8340395408745	143.570010633387	0.0185578593734735	0.00298316889607875	
1.605e-13  	-0.00438287322907641	0.0099030919573238	0.999941357876522	0.961706153467408	99.7125099742798	143.469612987731	0.0185448819739367	0.0029817488759288	
1.61e-13   	-0.00496718371357394	0.0101922579335754	0.999935720416153	0.961724703348874	99.8671620419199	143.503354493998	0.0185492434009895	0.0029803258869519	
1.615e-13  	-0.00490150132001895	0.0109346454735898	0.9999282018291	0.961884382152088	99.9399186606393	143.430466368727	0.0185398218820189	0.00297887251151738	
1.62e-13   	-0.00510572679722769	0.0111483650229178	0.999924819929572	0.961933394616051	99.680487674191	143.391938583731	0.0185348417805843	0.00297730094211874	
1.625e-13  	-0.00635781759550362	0.0117621474926718	0.999910611025697	0.962095839047101	98.9771055027047	143.295305171524	0.0185223509458579	0.00297561476972386	
1.63e-13   	-0.00555642777761465	0.0119675144662127	0.99991294856495	0.961871933410273	99.3599010589568	143.359966468678	0.0185307090650374	0.00297385535682522	
1.635e-13  	-0.00557755473838015	0.0119184440904924	0.999913417038497	0.961801807146335	99.2638138085123	143.282587345645	0.0185207070397026	0.00297207144037612	
1.64e-13   	-0.00518073588361093	0.0120467389574577	0.99991401433133	0.96154873904673	99.869659748133	143.244053798488	0.018515726193451	0.00297026247106216	
1.645e-13  	-0.00465678898617878	0.011679742135025	0.999920945845219	0.961604911494856	99.9094126422398	143.251069396453	0.0185166330296339	0.00296841028485397	
1.65e-13   	-0.00436067009140792	0.0118905112584204	0.999919796932918	0.961699874102137	99.4282500661638	143.152484029095	0.0185038898851874	0.0029665128115345	
1.655e-13  	-0.00528620215407989	0.0124571293158839	0.999908433805813	0.96156624690628	99.9599944226399	143.17422674438	0.0185067003485345	0.00296457757282445	
1.66e-13   	-0.00543737673013303	0.0125178706817467	0.999906864586842	0.96148496551987	99.9457227103961	143.165833756514	0.0185056154709349	0.00296263513543941	
1.665e-13  	-0.00565740060610925	0.0130008490466876	0.999899480819171	0.961357600267597	100.005859547319	143.16486938944	0.0185054908168481	0.00296071832843175	
1.67e-13   	-0.00468183963202993	0.0127220539990608	0.999908110638025	0.961302468664485	99.5532202484444	143.200786360155	0.0185101334444325	0.00295885372809496	
1.675e-13  	-0.00434863032340063	0.0126158373244663	0.999910961067491	0.961223581858532	98.6317911284404	143.09704853648	0.0184967242934895	0.0029570134408262	
1.68e-13   	-0.0043640547509345	0.010932992973055	0.999930709944835	0.961570369888143	97.8770972534391	143.088432768421	0.0184956106193222	0.00295520116163698	
1.685e-13  	-0.00474888338071863	0.0107048446105406	0.999931424852975	0.961621147342134	97.2545189667428	143.007016373275	0.0184850867361997	0.00295341754003666	
1.69e-13   	-0.00566058449977618	0.0107036750273795	0.999926691874974	0.961434412979502	97.7782007290566	142.940325378801	0.0184764662583473	0.00295164998545381	
1.695e-13  	-0.00543564034484169	0.0106770526082958	0.999928224604967	0.961375228792381	97.713986703175	142.914483640694	0.0184731259553159	0.00294985928668237	
1.7e-13    	-0.00433030314875339	0.010442284143015	0.999936101546752	0.96127740483417	97.8609287158747	142.882135463563	0.0184689446299852	0.00294808434150988	
1.705e-13  	-0.00518861676388526	0.0103295107619137	0.999933187499793	0.961066859646037	98.7234703924629	142.891911992281	0.0184702083440736	0.00294639508688142	
1.71e-13   	-0.00506395719722521	0.0102106151844092	0.999935047728131	0.961276248619123	98.1710592868113	142.888461616282	0.0184697623484767	0.00294478218699053	
1.715e-13  	-0.00500347281424763	0.0119866146178251	0.999915639606563	0.961082582345752	98.711408260337	142.897279756955	0.0184709021813278	0.00294326797331548	
1.72e-13   	-0.00593678006181502	0.0117469168726183	0.999913378541604	0.960813688406003	99.48746897431	142.791674498918	0.0184572516458216	0.00294182031205763	
1.725e-13  	-0.00644287714607197	0.0119895912587983	0.999907365227163	0.960838049678258	99.6247108359088	142.898445532805	0.0184710528695125	0.00294046215063248	
1.73e-13   	-0.00675151140358529	0.0108664552414466	0.999918165273665	0.960861328815849	100.101831004238	142.934978975707	0.018475775182291	0.00293918819022868	
1.735e-13  	-0.00619794503820333	0.0105797535738667	0.999924824320118	0.960887939580085	99.8012618102029	142.932791345688	0.0184754924092379	0.00293792271904346	
1.74e-13   	-0.00637871911111608	0.0110578026103164	0.999918515152076	0.960772561638128	100.311659919127	142.961543385764	0.0184792088978977	0.00293673565920165	
1.745e-13  	-0.00740087014952505	0.0107703296752407	0.999914609914125	0.960959496509666	99.5928716128522	142.948692636849	0.018477547810111	0.00293564068840028	
1.75e-13   	-0.00765938232356739	0.0105670622463337	0.999914831902149	0.960989291196043	99.7294409645995	142.918474297466	0.0184736417876046	0.00293458587762348	
1.755e-13  	-0.00803758552935224	0.0102374188727442	0.999915292649174	0.960911043219865	99.7604459909417	142.944914699465	0.0184770594739299	0.00293360750352499	
1.76e-13   	-0.00791512589301921	0.0107774536792221	0.999910594640486	0.961021950734154	99.714306710164	142.960078181957	0.0184790195056556	0.00293277028170253	
1.765e-13  	-0.00804092583109696	0.0113659428488409	0.999903074730214	0.960917254424214	100.217689588131	142.875271123032	0.0184680573453377	0.00293206631374413	
1.77e-13   	-0.00700193730866216	0.0111823236029855	0.999912960468442	0.960856321083078	100.944240972952	142.949318292097	0.0184776286823075	0.00293150436213814	
1.775e-13  	-0.0064998319655686	0.0121101439285888	0.999905543838241	0.960763078117388	101.989379752357	142.998792157481	0.0184840236740778	0.00293106647944043	
1.78e-13   	-0.00667609623648933	0.0120566740541454	0.999905028665119	0.960690032951244	101.991570386027	142.982626083346	0.0184819340473576	0.00293072435398674	
1.785e-13  	-0.00713280483039133	0.0120667035004508	0.999901754054809	0.960764091559032	102.398758369722	143.067857633893	0.0184929510774621	0.00293053590832095	
1.79e-13   	-0.00682027882545529	0.0120798998794232	0.999903775278225	0.960890282428889	101.804177836097	143.075312752657	0.0184939147261029	0.00293050123553547	
1.795e-13  	-0.00695884745592954	0.0120502606673092	0.999903178142731	0.961111939541749	101.266631854853	142.96081201411	0.0184791143607987	0.00293054467837207	
1.8e-13    	-0.00733223633325383	0.0120778036332513	0.99990017750261	0.961306638107455	100.382325820869	142.939871916847	0.0184764076438559	0.00293066852934371	
1.805e-13  	-0.00759135293795196	0.0116623942042876	0.999903175273484	0.961284975368769	100.625736529844	142.871646979557	0.0184675888885574	0.00293093546543549	
1.81e-13   	-0.00820742654433857	0.0119319942897599	0.999895127331756	0.961402558558995	100.318032141077	142.973406489675	0.0184807423226927	0.00293134979127065	
1.815e-13  	-0.00840273929324789	0.0124332233261613	0.999887398125455	0.961437233174748	100.1039184377	142.955436543527	0.0184784195274787	0.00293188091064595	
1.82e-13   	-0.00789412809374722	0.0128266985508969	0.999886572840102	0.96131457947679	99.7755767635612	142.999898604804	0.0184841666934571	0.00293255282979476	
1.825e-13  	-0.00803672488902232	0.0129184783913201	0.999884255286136	0.961230165856967	100.394618665737	142.987213452182	0.0184825270106468	0.00293341278888694	
1.83e-13   	-0.0091054982297904	0.0131466849243783	0.999872119111982	0.9612349777929	99.6978431694496	143.002175537947	0.018484461009832	0.0029344495582313	
1.835e-13  	-0.0084757345519104	0.0130500157486643	0.999878922176463	0.961260153741377	99.400957887817	142.91186497762	0.0184727874669307	0.00293564602858504	
1.84e-13   	-0.0089247868978026	0.0132072530782425	0.999872950251659	0.961318959667398	99.3236198644144	143.012590329087	0.0184858072257202	0.00293699606174273	
1.845e-13  	-0.00908301874763975	0.0121785726931015	0.999884583908357	0.961356432165543	99.2915652080575	142.963467448507	0.0184794576022451	0.00293850161256964	
1.85e-13   	-0.00895297298672956	0.0122455045316316	0.999884939327253	0.961595471431508	98.832065452589	142.985018021353	0.0184822432292611	0.00294012009397746	
1.855e-13  	-0.00925046430952436	0.0125893671477023	0.999877960925671	0.961442654562356	98.9979756943575	142.934089348982	0.0184756601891418	0.00294185011867529	
1.86e-13   	-0.0104533001403355	0.0111783542275707	0.999882879597875	0.961475365981147	99.3776469053753	142.853148152855	0.0184651977302435	0.00294376654505034	
1.865e-13  	-0.00948463562523351	0.0118483912598374	0.999884822022822	0.961745852760579	98.3276993515975	142.867510367181	0.0184670541900474	0.00294587017942563	
1.87e-13   	-0.00996839787811862	0.0118231971530519	0.999880414376051	0.961640043251494	99.4522212377123	142.768049555195	0.0184541978856293	0.00294818535796119	
1.875e-13  	-0.00930158117236736	0.0107082591900223	0.99989940182641	0.961691268183875	99.2199625501294	142.803174300395	0.0184587381101447	0.00295074475190621	
1.88e-13   	-0.00894872820608597	0.0107784070526025	0.999901868287535	0.96161050668911	99.6378314204597	142.699412579516	0.0184453258702489	0.00295346416965555	
1.885e-13  	-0.00944263520532917	0.00967804232589958	0.999908581889923	0.961549019314814	99.9075469555641	142.662582824943	0.0184405652562244	0.00295636127307033	
1.89e-13   	-0.00987019826351314	0.0100172044696091	0.999901112511059	0.961447346348811	99.9914800767015	142.526142737028	0.0184229290106516	0.00295949432179616	
1.895e-13  	-0.00963568460654088	0.0106838589358395	0.999896499013974	0.961227768724819	100.542865652388	142.436586995082	0.0184113530355731	0.00296282766592774	
1.9e-13    	-0.00981068910275295	0.0101989674206694	0.999899860707502	0.961348233208371	99.6029686857284	142.436831033007	0.018411384579915	0.00296636849616463	
1.905e-13  	-0.0101520552190292	0.0117860467462984	0.999879005118581	0.961356834876892	100.077234397869	142.395521075725	0.0184060448548945	0.00297012685687279	
1.91e-13   	-0.0103182387362808	0.0111263329027224	0.999884862704461	0.96126239347048	100.316158918723	142.311723225504	0.0183952131448923	0.00297405389014506	
1.915e-13  	-0.0110798266182822	0.0107344169693566	0.999880997786455	0.961253771290346	100.703376420592	142.27736483203	0.0183907719789998	0.00297810843227904	
1.92e-13   	-0.0111603306702483	0.00975050505585617	0.99989018130517	0.961344793699909	101.09176563353	142.207515126206	0.0183817432061228	0.00298227393070494	
1.925e-13  	-0.0112569390710233	0.0102209368601415	0.99988440020457	0.961355954757171	101.036002176737	142.147749297884	0.0183740178752376	0.00298655028474346	
1.93e-13   	-0.0116731391986078	0.00968296896921253	0.999884982352066	0.961385954073352	101.300340755205	142.127764292267	0.0183714346134395	0.00299097741277225	
1.935e-13  	-0.0115911045015734	0.00926261275241102	0.999889919091813	0.961213282697627	101.375863811311	142.043581024609	0.01836055308438	0.0029955573251602	
1.94e-13   	-0.011521300736645	0.00920189983141298	0.999891286425093	0.961292069949246	101.013750937134	142.131750956562	0.0183719499296607	0.00300026969073588	
1.945e-13  	-0.0127467027790787	0.00968171860986544	0.999871884739751	0.961326111261281	101.466617562054	142.190595352502	0.0183795561561975	0.0030051291605228	
1.95e-13   	-0.0122089275532568	0.00926259674707578	0.999882566299413	0.961419242668565	100.469882317139	142.090854425455	0.0183666636441071	0.00301014979300158	
1.955e-13  	-0.0122327526733565	0.00926645397782619	0.999882239362571	0.961382257013849	100.53889603685	142.084506913607	0.0183658431647345	0.00301524607917604	
1.96e-13   	-0.0131500263418361	0.0094331122050847	0.999869038025148	0.961671802387543	99.7209494841051	141.991894503362	0.0183538720847159	0.00302038823617294	
1.965e-13  	-0.0121810105561408	0.00879199111381465	0.99988715557011	0.96164255017274	99.8881463550169	141.914935570661	0.0183439243731826	0.00302561756804417	
1.97e-13   	-0.0126878507347822	0.00913236492450082	0.999877801711098	0.961482233518624	99.9213617653233	141.938420817324	0.0183469600761335	0.00303094585147659	
1.975e-13  	-0.0137470194623419	0.00920038618303839	0.9998631768147	0.961649272725339	99.3808049863077	142.009380787789	0.0183561323618164	0.00303641307486708	
1.98e-13   	-0.0134022563049489	0.008342807885357	0.999875380776287	0.961646423101173	99.3030859727148	141.96736145883	0.0183507009434141	0.00304199230417605	
1.985e-13  	-0.0138314838670984	0.00841594173855541	0.999868922398675	0.961549471149953	99.6454172316428	141.945271029891	0.0183478455346003	0.00304770701925415	
1.99e-13   	-0.014155850136124	0.00895608679471649	0.999859690364728	0.96164821824374	99.2313651834402	141.977514636493	0.0183520133431445	0.00305360806700204	
1.995e-13  	-0.0142299257893104	0.00853774572802758	0.999862298574116	0.96162188453992	99.1521935467907	142.011205389196	0.0183563682097919	0.0030596117468703	
2e-13      	-0.0140924016593375	0.00851446207896309	0.999864444887895	0.961737454642731	99.446233100889	141.856081487775	0.0183363168945112	0.00306568210992806	
2.005e-13  	-0.0136134683212943	0.00855212233957126	0.999870758990258	0.961782699904929	99.4842104801865	141.783426572007	0.0183269255202008	0.00307184567396368	
2.01e-13   	-0.0130840579682042	0.00876520744136695	0.999875981592515	0.961461705689366	100.701748653992	141.799715677729	0.0183290310499837	0.00307803526201369	
2.015e-13  	-0.0130071734486655	0.00882736796588405	0.999876437873036	0.961408964870379	101.202280095716	141.784393893968	0.0183270505562362	0.00308428522941911	
2.02e-13   	-0.0131630535681058	0.0110458803128699	0.999852350374232	0.961548139769356	100.534891469137	141.67690498727	0.0183131565403069	0.00309064530680423	
