0 1 1 1 1
40 1.00793 1.00793 1.00793 1.00793
80 1.0001 0.90383 1.0001 0.90383
120 0.993413 0.755953 0.993413 0.755953
160 0.986743 0.695421 0.986743 0.695421
200 0.980091 0.679291 0.980091 0.679291
240 0.97322 0.653175 0.97322 0.653175
280 0.968861 0.674105 0.968861 0.674105
320 0.961408 0.671005 0.961408 0.671005
360 0.958631 0.68152 0.958631 0.68152
400 0.945868 0.688589 0.945868 0.688589
440 0.937119 0.710788 0.937119 0.710788
480 0.929646 0.717891 0.929646 0.717891
520 0.918664 0.728994 0.918664 0.728994
560 0.90303 0.759002 0.90303 0.759002
600 0.894426 0.779139 0.894426 0.779139
640 0.891593 0.821675 0.891593 0.821675
680 0.883225 0.811526 0.883225 0.811526
720 0.876525 0.836226 0.876525 0.836226
760 0.866736 0.862812 0.866736 0.862812
800 0.867289 0.875768 0.867289 0.875768
