0 0
1 0
2 0
3 0
4 0
5 0
6 1
7 1
8 1
9 0
10 2
11 5
12 8
13 6
14 7
15 7
16 8
17 11
18 12
19 9
20 5
21 15
22 11
23 12
24 10
25 4
26 6
27 17
28 4
29 10
30 10
31 9
32 10
33 20
34 13
35 12
36 21
37 9
38 13
39 11
40 15
41 13
42 11
43 18
44 28
45 19
46 17
47 19
48 19
49 23
50 26
51 15
52 25
53 20
54 32
55 19
56 24
57 25
58 35
59 24
60 31
61 24
62 28
63 27
64 23
65 34
66 26
67 35
68 21
69 33
70 36
71 32
72 35
73 31
74 31
75 42
76 45
77 31
78 38
79 49
80 29
81 53
82 45
83 22
84 54
85 48
86 52
87 48
88 54
89 66
90 39
91 56
92 44
93 69
94 55
95 60
96 53
97 55
98 49
99 50
100 46
101 48
102 57
103 51
104 65
105 53
106 59
107 55
108 49
109 44
110 48
111 43
112 66
113 54
114 56
115 47
116 58
117 50
118 64
119 57
120 60
121 58
122 66
123 69
124 60
125 62
126 73
127 65
128 60
129 58
130 70
131 64
132 62
133 63
134 63
135 67
136 56
137 67
138 60
139 86
140 65
141 68
142 71
143 70
144 68
145 72
146 74
147 68
148 76
149 81
150 69
151 91
152 84
153 79
154 85
155 85
156 62
157 64
158 76
159 71
160 76
161 77
162 66
163 55
164 82
165 68
166 66
167 59
168 55
169 68
170 68
171 46
172 52
173 68
174 60
175 47
176 43
177 55
178 52
179 42
180 50
181 61
182 45
183 50
184 53
185 31
186 50
187 46
188 40
189 40
190 46
191 34
192 37
193 37
194 36
195 33
196 43
197 42
198 44
199 38
200 30
201 32
202 34
203 41
204 36
205 41
206 34
207 28
208 45
209 33
210 30
211 30
212 35
213 40
214 37
215 41
216 31
217 38
218 32
219 36
220 32
221 35
222 38
223 32
224 40
225 14
226 26
227 33
228 38
229 21
230 32
231 16
232 22
233 28
234 20
235 23
236 15
237 26
238 27
239 13
240 15
241 18
242 17
243 19
244 20
245 15
246 18
247 13
248 11
249 14
250 15
251 7
252 16
253 12
254 15
255 9
256 8
257 13
258 10
259 10
260 12
261 11
262 10
263 5
264 7
265 8
266 10
267 6
268 6
269 6
270 5
271 4
272 3
273 8
274 8
275 10
276 8
277 9
278 6
279 2
280 4
281 3
282 3
283 8
284 3
285 2
286 0
287 3
288 3
289 3
290 3
291 1
292 2
293 2
294 1
295 0
296 1
297 0
298 0
299 0
300 1
301 2
302 2
303 0
304 0
305 0
306 0
307 1
308 1
309 0
310 1
311 1
312 3
313 1
314 0
315 0
316 0
317 2
318 1
319 0
320 0
321 1
322 1
323 0
324 2
325 1
326 1
327 1
328 0
329 2
330 0
331 0
332 0
333 0
334 0
335 0
336 0
337 0
338 0
339 0
340 0
341 0
342 0
343 0
344 0
345 0
346 0
347 0
348 0
349 0
350 0
351 0
352 0
353 0
354 0
355 0
356 0
357 0
358 0
359 0
360 0
361 0
362 0
363 0
364 0
365 0
366 0
367 0
368 0
369 0
370 0
371 0
372 0
373 0
374 0
375 0
376 0
377 0
378 0
379 0
380 0
381 0
382 0
383 0
384 0
385 0
386 0
387 0
388 0
389 0
390 0
391 0
392 0
393 0
394 0
395 0
396 0
397 0
398 0
399 0
400 0
401 0
402 0
403 0
404 0
405 0
406 0
407 0
408 0
409 0
410 0
411 0
412 0
413 0
414 0
415 0
416 0
417 0
418 0
419 0
420 0
421 0
422 0
423 0
424 0
425 0
426 0
427 0
428 0
429 0
430 0
431 0
432 0
433 0
434 0
435 0
436 0
437 0
438 0
439 0
440 0
441 0
442 0
443 0
444 0
445 0
446 0
447 0
448 0
449 0
450 0
451 0
452 0
453 0
454 0
455 0
456 0
457 0
458 0
459 0
460 0
461 0
462 0
463 0
464 0
465 0
466 0
467 0
468 0
469 0
470 0
471 0
472 0
473 0
474 0
475 0
476 0
477 0
478 0
479 0
480 0
481 0
482 0
483 0
484 0
485 0
486 0
487 0
488 0
489 0
490 0
491 0
492 0
493 0
494 0
495 0
496 0
497 0
498 0
499 0
500 0
501 0
502 0
503 0
504 0
505 0
506 0
507 0
508 0
509 0
510 0
511 0
512 0
513 0
514 0
515 0
516 0
517 0
518 0
519 0
520 0
521 0
522 0
523 0
524 0
525 0
526 0
527 0
528 0
529 0
530 0
531 0
532 0
533 0
534 0
535 0
536 0
537 0
538 0
539 0
540 0
541 0
542 0
543 0
544 0
545 0
546 0
547 0
548 0
549 0
550 0
551 0
552 0
553 0
554 0
555 0
556 0
557 0
558 0
559 0
560 0
561 0
562 0
563 0
564 0
565 0
566 0
567 0
568 0
569 0
570 0
571 0
572 0
573 0
574 0
575 0
576 0
577 0
578 0
579 0
580 0
581 0
582 0
583 0
584 0
585 0
586 0
587 0
588 0
589 0
590 0
591 0
592 0
593 0
594 0
595 0
596 0
597 0
598 0
599 0
600 0
601 0
602 0
603 0
604 0
605 0
606 0
607 0
608 0
609 0
610 0
611 0
612 0
613 0
614 0
615 0
616 0
617 0
618 0
619 0
620 0
621 0
622 0
623 0
624 0
625 0
626 0
627 0
628 0
629 0
630 0
631 0
632 0
633 0
634 0
635 0
636 0
637 0
638 0
639 0
640 0
641 0
642 0
643 0
644 0
645 0
646 0
647 0
648 0
649 0
650 0
651 0
652 0
653 0
654 0
655 0
656 0
657 0
658 0
659 0
660 0
661 0
662 0
663 0
664 0
665 0
666 0
667 0
668 0
669 0
670 0
671 0
672 0
673 0
674 0
675 0
676 0
677 0
678 0
679 0
680 0
681 0
682 0
683 0
684 0
685 0
686 0
687 0
688 0
689 0
690 0
691 0
692 0
693 0
694 0
695 0
696 0
697 0
698 0
699 0
700 0
701 0
702 0
703 0
704 0
705 0
706 0
707 0
708 0
709 0
710 0
711 0
712 0
713 0
714 0
715 0
716 0
717 0
718 0
719 0
720 0
721 0
722 0
723 0
724 0
725 0
726 0
727 0
728 0
729 0
730 0
731 0
732 0
733 0
734 0
735 0
736 0
737 0
738 0
739 0
740 0
741 0
742 0
743 0
744 0
745 0
746 0
747 0
748 0
749 0
750 0
751 0
752 0
753 0
754 0
755 0
756 0
757 0
758 0
759 0
760 0
761 0
762 0
763 0
764 0
765 0
766 0
767 0
768 0
769 0
770 0
771 0
772 0
773 0
774 0
775 0
776 0
777 0
778 0
779 0
780 0
781 0
782 0
783 0
784 0
785 0
786 0
787 0
788 0
789 0
790 0
791 0
792 0
793 0
794 0
795 0
796 0
797 0
798 0
799 0
800 0
801 0
802 0
803 0
804 0
805 0
806 0
807 0
808 0
809 0
810 0
811 0
812 0
813 0
814 0
815 0
816 0
817 0
818 0
819 0
820 0
821 0
822 0
823 0
824 0
825 0
826 0
827 0
828 0
829 0
830 0
831 0
832 0
833 0
834 0
835 0
836 0
837 0
838 0
839 0
840 0
841 0
842 0
843 0
844 0
845 0
846 0
847 0
848 0
849 0
850 0
851 0
852 0
853 0
854 0
855 0
856 0
857 0
858 0
859 0
860 0
861 0
862 0
863 0
864 0
865 0
866 0
867 0
868 0
869 0
870 0
871 0
872 0
873 0
874 0
875 0
876 0
877 0
878 0
879 0
880 0
881 0
882 0
883 0
884 0
885 0
886 0
887 0
888 0
889 0
890 0
891 0
892 0
893 0
894 0
895 0
896 0
897 0
898 0
899 0
900 0
901 0
902 0
903 0
904 0
905 0
906 0
907 0
908 0
909 0
910 0
911 0
912 0
913 0
914 0
915 0
916 0
917 0
918 0
919 0
920 0
921 0
922 0
923 0
924 0
925 0
926 0
927 0
928 0
929 0
930 0
931 0
932 0
933 0
934 0
935 0
936 0
937 0
938 0
939 0
940 0
941 0
942 0
943 0
944 0
945 0
946 0
947 0
948 0
949 0
950 0
951 0
952 0
953 0
954 0
955 0
956 0
957 0
958 0
959 0
960 0
961 0
962 0
963 0
964 0
965 0
966 0
967 0
968 0
969 0
970 0
971 0
972 0
973 0
974 0
975 0
976 0
977 0
978 0
979 0
980 0
981 0
982 0
983 0
984 0
985 0
986 0
987 0
988 0
989 0
990 0
991 0
992 0
993 0
994 0
995 0
996 0
997 0
998 0
999 0
