#----------------------------------------------------------------------------------------------------------------------------------------------------------
# Output file for vampire simulation
#   time       : 2022-12-12 14:00:01     process id : 21212
#   hostname   : LAPTOP-V1683A0G
#   path       : /mnt/e/Work/vampire-lsf-mc/vampire_combined
#   version    : 6.0.0
#   githash    : 90c9998181fcd1a13a8764a70286c3c4431f304c
#----------------------------------------------------------------------------------------------------------------------------------------------------------
0          	1          	1          	1          	1          	
40         	1          	1          	0.979295   	0.92907    	
80         	1          	1          	0.957539   	0.857135   	
120        	1          	1          	0.934097   	0.783893   	
160        	1          	1          	0.908155   	0.710086   	
200        	1          	1          	0.881658   	0.638034   	
240        	1          	1          	0.851044   	0.568773   	
280        	1          	1          	0.819995   	0.505208   	
320        	1          	1          	0.784753   	0.447193   	
360        	1          	1          	0.745984   	0.393745   	
400        	1          	1          	0.705766   	0.345265   	
440        	1          	1          	0.662624   	0.302282   	
480        	1          	1          	0.608016   	0.258709   	
520        	1          	1          	0.549903   	0.219874   	
560        	1          	1          	0.475574   	0.179272   	
600        	1          	1          	0.360793   	0.12965    	
640        	1          	1          	0.19504    	0.067639   	
680        	1          	1          	0.122487   	0.0430483  	
720        	1          	1          	0.0679198  	0.0276408  	
760        	1          	1          	0.0502504  	0.0231526  	
800        	1          	1          	0.0447884  	0.0213996  	
