#----------------------------------------------------------------------------------------------------------------------------------------------------------
# Output file for vampire simulation
#   time       : 2022-12-12 14:20:01     process id : 21214
#   hostname   : LAPTOP-V1683A0G
#   path       : /mnt/e/Work/vampire-lsf-mc/vampire_combined
#   version    : 6.0.0
#   githash    : 90c9998181fcd1a13a8764a70286c3c4431f304c
#----------------------------------------------------------------------------------------------------------------------------------------------------------
0          	1.00793    	1.00791    	1.00793    	1.00791    	
40         	1.00529    	1.05566    	0.985202   	0.984942   	
80         	1.00269    	1.10487    	0.961837   	0.962334   	
120        	0.999998   	1.15413    	0.937762   	0.938771   	
160        	0.997197   	1.20107    	0.912302   	0.911897   	
200        	0.994444   	1.2489     	0.885756   	0.886563   	
240        	0.991602   	1.29588    	0.857024   	0.859729   	
280        	0.988685   	1.33808    	0.828703   	0.828367   	
320        	0.985818   	1.38112    	0.798951   	0.79894    	
360        	0.982537   	1.41977    	0.765093   	0.762548   	
400        	0.979383   	1.4613     	0.727201   	0.728521   	
440        	0.975893   	1.49817    	0.68702    	0.686658   	
480        	0.972514   	1.53489    	0.640879   	0.641403   	
520        	0.968489   	1.56975    	0.592685   	0.59192    	
560        	0.964771   	1.60288    	0.534005   	0.532234   	
600        	0.959878   	1.63331    	0.448082   	0.446834   	
640        	0.955525   	1.66321    	0.341226   	0.336263   	
680        	0.950627   	1.69346    	0.19011    	0.188342   	
720        	0.948523   	1.73046    	0.0633526  	0.0683053  	
760        	0.947639   	1.77384    	0.0633635  	0.0711933  	
800        	0.947296   	1.81406    	0.0471402  	0.0576858  	
