#----------------------------------------------------------------------------------------------------------------------------------------------------------
# Output file for vampire simulation
#   time       : 2022-12-12 14:22:41     process id : 21215
#   hostname   : LAPTOP-V1683A0G
#   path       : /mnt/e/Work/vampire-lsf-mc/vampire_combined
#   version    : 6.0.0
#   githash    : 90c9998181fcd1a13a8764a70286c3c4431f304c
#----------------------------------------------------------------------------------------------------------------------------------------------------------
0          	1.0079     	1.00786    	1.00789    	1.00785    	
40         	1.00596    	1.05242    	0.985887   	0.986607   	
80         	1.00385    	1.09725    	0.963118   	0.963039   	
120        	1.0018     	1.1446     	0.939628   	0.94013    	
160        	0.999584   	1.19206    	0.914505   	0.914906   	
200        	0.997263   	1.23874    	0.888426   	0.888124   	
240        	0.99489    	1.28405    	0.861503   	0.860946   	
280        	0.992438   	1.32815    	0.832312   	0.830996   	
320        	0.989652   	1.37205    	0.800725   	0.800534   	
360        	0.986955   	1.41415    	0.768881   	0.769621   	
400        	0.983844   	1.45384    	0.7308     	0.730221   	
440        	0.980676   	1.49174    	0.691515   	0.690309   	
480        	0.977263   	1.52988    	0.645696   	0.645523   	
520        	0.973451   	1.5659     	0.594265   	0.593571   	
560        	0.969389   	1.60023    	0.536457   	0.535069   	
600        	0.965128   	1.6347     	0.460913   	0.461101   	
640        	0.959453   	1.66278    	0.341787   	0.338707   	
680        	0.953838   	1.69174    	0.140432   	0.139352   	
720        	0.952397   	1.73196    	0.0942009  	0.0985043  	
760        	0.951584   	1.77568    	0.0677843  	0.0736995  	
800        	0.951015   	1.81592    	0.0516881  	0.0607291  	
