#----------------------------------------------------------------------------------------------------------------------------------------------------------
# Output file for vampire simulation
#   time       : 2022-12-12 14:13:28     process id : 21213
#   hostname   : LAPTOP-V1683A0G
#   path       : /mnt/e/Work/vampire-lsf-mc/vampire_combined
#   version    : 6.0.0
#   githash    : 90c9998181fcd1a13a8764a70286c3c4431f304c
#----------------------------------------------------------------------------------------------------------------------------------------------------------
0          	1          	1          	1          	1          	
40         	1          	1          	0.979493   	0.933911   	
80         	1          	1          	0.957618   	0.864464   	
120        	1          	1          	0.934114   	0.791748   	
160        	1          	1          	0.9085     	0.715647   	
200        	1          	1          	0.880949   	0.640674   	
240        	1          	1          	0.851515   	0.568098   	
280        	1          	1          	0.81847    	0.500718   	
320        	1          	1          	0.782148   	0.43952    	
360        	1          	1          	0.743838   	0.382652   	
400        	1          	1          	0.70061    	0.333632   	
440        	1          	1          	0.652603   	0.288213   	
480        	1          	1          	0.595526   	0.24332    	
520        	1          	1          	0.529557   	0.202208   	
560        	1          	1          	0.444766   	0.159413   	
600        	1          	1          	0.30588    	0.103673   	
640        	1          	1          	0.1385     	0.0472376  	
680        	1          	1          	0.0751677  	0.0288436  	
720        	1          	1          	0.0572309  	0.0240373  	
760        	1          	1          	0.0488268  	0.022175   	
800        	1          	1          	0.0424326  	0.0209132  	
