#----------------------------------------------------------------------------------------------------------------------------------------------------------
# Output file for vampire simulation
#   time       : 2022-06-30 09:37:34     process id : 148
#   hostname   : LAPTOP-V1683A0G
#   path       : /mnt/e/Work/Work 2/Work 2/vampire-develop2
#   version    : 6.0.0
#   githash    : 2b8f34ed1626e98bd0520e2e200034f6bb68b95a
#----------------------------------------------------------------------------------------------------------------------------------------------------------
0          	1.00793    	1.00793    	1.00793    	
40         	0.969306   	0.982225   	0.866692   	
80         	0.932601   	0.955309   	0.752227   	
120        	0.898273   	0.928315   	0.659654   	
160        	0.863835   	0.899438   	0.581042   	
200        	0.82919    	0.868893   	0.513844   	
240        	0.795513   	0.83808    	0.45742    	
280        	0.759549   	0.804054   	0.406062   	
320        	0.724143   	0.76973    	0.362072   	
360        	0.688202   	0.734217   	0.322732   	
400        	0.648293   	0.693893   	0.28612    	
440        	0.598271   	0.642341   	0.248272   	
480        	0.559114   	0.601906   	0.219267   	
520        	0.506528   	0.546557   	0.188638   	
560        	0.437785   	0.473437   	0.154681   	
600        	0.357737   	0.387718   	0.119702   	
640        	0.206773   	0.224557   	0.06571    	
680        	0.126992   	0.138148   	0.0388023  	
720        	0.0748762  	0.0815175  	0.0228374  	
760        	0.050604   	0.0551606  	0.0154634  	
800        	0.0388394  	0.0423949  	0.0122352  	
