#----------------------------------------------------------------------------------------------------------------------------------------------------------
# Output file for vampire simulation
#   time       : 2022-09-05 15:08:30     process id : 1076
#   hostname   : LAPTOP-V1683A0G
#   path       : /mnt/e/Work/vampire-lsf-mc/vampire
#   version    : 6.0.0
#   githash    : 88c1b598e5134a1cb60203a95f81ffb38d63b87a
#----------------------------------------------------------------------------------------------------------------------------------------------------------
0          	1.07431    	1.07579    	1.06253    	
40         	1.03285    	1.04939    	0.901464   	
80         	0.984698   	1.01954    	0.707963   	
120        	0.939989   	0.987128   	0.565569   	
160        	0.900225   	0.953762   	0.475005   	
200        	0.863027   	0.919204   	0.416855   	
240        	0.826142   	0.883073   	0.374007   	
280        	0.788093   	0.844423   	0.340772   	
320        	0.748049   	0.803109   	0.310855   	
360        	0.700083   	0.752831   	0.281296   	
400        	0.650611   	0.700516   	0.254489   	
440        	0.594704   	0.641038   	0.227018   	
480        	0.527872   	0.569259   	0.199554   	
520        	0.440442   	0.47564    	0.161488   	
560        	0.310757   	0.335885   	0.112128   	
600        	0.109121   	0.11791    	0.0426931  	
640        	0.0656034  	0.0708684  	0.0297633  	
680        	0.0459915  	0.0497414  	0.024343   	
720        	0.0394024  	0.0425845  	0.0235733  	
760        	0.034819   	0.0375972  	0.0229239  	
800        	0.0314487  	0.0339561  	0.0225885  	
