#----------------------------------------------------------------------------------------------------------------------------------------------------------
# Output file for vampire simulation
#   time       : 2022-11-21 17:33:14     process id : 184
#   hostname   : LAPTOP-V1683A0G
#   path       : /mnt/e/Work/vampire-lsf-mc/vampire_combined
#   version    : 6.0.0
#   githash    : 88c1b598e5134a1cb60203a95f81ffb38d63b87a
#----------------------------------------------------------------------------------------------------------------------------------------------------------
0          	1.00789    	1.00789    	1.00785    	
40         	0.986048   	0.98602    	0.986294   	
80         	0.963227   	0.963273   	0.962905   	
120        	0.939278   	0.939272   	0.93939    	
160        	0.914654   	0.91476    	0.913907   	
200        	0.889022   	0.889053   	0.888884   	
240        	0.861095   	0.861208   	0.860346   	
280        	0.831712   	0.831719   	0.831841   	
320        	0.801678   	0.80165    	0.802124   	
360        	0.766679   	0.766853   	0.765557   	
400        	0.731732   	0.731869   	0.730926   	
440        	0.691398   	0.691459   	0.691261   	
480        	0.647625   	0.64768    	0.647586   	
520        	0.595808   	0.595989   	0.594864   	
560        	0.536757   	0.536974   	0.535586   	
600        	0.461103   	0.461403   	0.459413   	
640        	0.364099   	0.364182   	0.364441   	
680        	0.164364   	0.164929   	0.163153   	
720        	0.0723568  	0.0725568  	0.0774935  	
760        	0.062594   	0.0628317  	0.0688682  	
800        	0.05089    	0.0508938  	0.0606671  	
